17
18
199
300
365
429
431
516
580
661
745
793
801
802
804
805
812
861
872
873
876
881
882
901
903
905
906
918
919
922
947
950
962
963
970
971
977
984
985
991
992
1022
1025
1026
1027
1066
1073
1074
1075
1111
1117
1122
1141
1142
1153
1154
1158
1173
1174
1185
1186
1192
1201
1207
1208
1234
1237
1280
1282
1284
1288
1298
1300
1303
1310
1314
1345
1412
1466
1480
1538
1590
1593
1594
1595
1690
1775
1859
1863
1864
1865
1871
1885
1888
1949
1950
1952
1953
1954
1987
1988
1989
2006
2014
2063
2066
2093
2094
2132
2144
2164
2166
2236
2242
2280
2283
2314
2315
2316
2317
2320
2340
2399
2408
2409
2518
2575
2576
2579
2622
2672
2673
2680
2682
2683
2714
2755
2757
2800
2850
2863
2965
2966
2968
3058
3084
3086
3087
3108
3263
3266
3318
3404
3405
3420
3421
3426
3473
3482
3502
3521
3565
3587
3599
3614
3615
3616
3621
3628
3637
3638
3639
3652
3653
3710
3745
3746
3747
3779
3793
3796
3814
4006
4030
4056
4062
4177
4183
4211
4258
4302
4353
4362
4406
4586
4633
4642
4682
4686
4697
4783
4861
4930
4980
5003
5021
5022
5023
5048
5059
5060
5065
5086
5088
5202
5294
5307
5455
5491
5514
5541
5549
5575
5591
5603
5620
5680
5803
5817
5868
5870
5871
5897
5899
5933
5940
5952
5955
5997
6064
6114
6220
6248
6250
6251
6275
6631
6657
6846
6856
6873
6980
6981
6982
7036
7115
7149
7217
7291
7305
7382
7497
7499
7563
7651
7721
7722
7726
7738
7745
7753
7755
7766
7781
7821
7846
7889
7943
7969
8009
8090
8171
8183
8214
8287
8516
8556
8575
8582
8646
8651
8671
8673
8685
8693
8710
8718
8751
8788
8851
8861
8880
8903
8917
8920
8940
8965
9024
9026
9054
9061
9068
9069
9074
9075
9076
9078
9097
9125
9152
9172
9198
9233
9234
9273
9287
9317
9324
9351
9478
9479
9480
9505
9506
9514
9529
9530
9532
9599
9602
9608
9616
9642
9661
9662
9707
9724
9745
9747
9756
9761
9765
9819
9862
9971
9974
9997
9999
10005
10030
10045
10056
10144
10147
10150
10166
10188
10189
10196
10198
10208
10211
10213
10215
10263
10296
10337
10350
10352
10364
10404
10465
10466
10485
10486
10511
10539
10549
10561
10562
10563
10582
10627
10646
10672
10695
10701
10702
10716
10749
10750
10751
10763
10793
10795
10872
10880
10897
10933
10961
10966
11027
11030
11033
11034
11047
11059
11060
11061
11104
11205
11220
11248
11257
11263
11277
11332
11428
11450
11451
11463
11537
11588
11630
11631
11647
11648
11658
11672
11686
11701
11754
11833
11849
11860
11891
11912
11925
11928
11955
11956
11986
11988
12005
12024
12025
12026
12078
12079
12104
12117
12125
12139
12140
12148
12180
12181
12187
12199
12206
12209
12223
12256
12280
12343
12428
12435
12453
12454
12455
12466
12499
12507
12510
12516
12517
12519
12526
12529
12539
12554
12555
12583
12599
12610
12613
12662
12663
12664
12681
12722
12761
12833
12857
12871
12910
12915
12950
12952
12974
12975
12994
13009
13019
13036
13040
13076
13092
13155
13164
13167
13168
13169
13175
13196
13210
13211
13220
13221
13234
13254
13284
13299
13314
13316
13332
13333
13336
13366
13367
13382
13386
13391
13400
13463
13465
13496
13503
13566
13619
13648
13724
13745
13774
13813
13851
13859
13861
13923
13999
14036
14154
14165
14175
14256
14262
14263
14265
14272
14279
14283
14339
14343
14344
14345
14390
14451
14463
14476
14478
14480
14481
14485
14488
14519
14548
14559
14562
14579
14598
14619
14625
14626
14653
14654
14676
14677
14715
14717
14718
14725
14728
14736
14761
14774
14777
14778
14787
14792
14807
14812
14846
14858
14864
14866
14900
14912
14913
14923
14924
14933
14940
14963
14965
14979
14988
15001
15003
15038
15129
15130
15166
15308
15360
15361
15393
15407
15511
15524
15564
15581
15598
15606
15614
15747
15770
15992
16135
16136
16137
16138
16142
16187
16188
16441
16448
16592
16593
16646
16692
16708
16803
16805
16877
16883
16926
16927
16961
16966
16967
16968
16973
16974
17022
17028
17034
17093
17095
17136
17137
17155
17194
17244
17295
17296
17347
17435
17438
17564
17566
17572
17711
17803
17823
17965
18014
18021
18044
18045
18117
18120
18208
18214
18227
18233
18239
18252
18255
18318
18338
18364
18385
18426
18567
18577
18621
18714
18838
18852
18860
18861
18862
18885
18887
18899
18900
18914
18918
18922
18924
18927
18944
18951
18961
18964
18966
19008
19013
19048
19051
19052
19056
19057
19070
19076
19087
19090
19119
19124
19126
19132
19133
19137
19151
19171
19174
19199
19200
19206
19215
19344
19371
19372
19424
19425
19447
19457
19484
19496
19509
19516
19544
19553
19559
19560
19561
19563
19568
19570
19585
19690
19716
19722
19732
19736
19737
19742
19743
19744
19749
19758
19759
19766
19768
19772
19775
19783
19784
19785
19794
19795
19796
19797
19798
19807
19809
19837
19838
19852
19862
19865
19871
19888
19896
19907
19912
19913
19914
19932
19940
19950
19953
20005
20006
20026
20027
20071
20079
20092
20093
20103
20133
20157
20165
20178
20179
20180
20187
20202
20264
20291
20502
20540
20544
20600
20605
20711
20735
20737
20739
20761
20774
20776
20883
20951
20994
20996
20999
21005
21090
21094
21112
21114
21136
21159
21229
21230
21241
21280
21281
21296
21297
21330
21333
21340
21363
21378
21399
21409
21410
21421
21424
21439
21448
21456
21465
21466
21468
21507
21573
21599
21611
21613
21634
21668
21721
21724
21773
21774
21777
21778
21797
21817
21886
21931
21933
21936
21964
22028
22031
22074
22084
22092
22094
22149
22154
22166
22172
22194
22216
22237
22254
22278
22382
22432
22459
22469
22490
22491
22495
22505
22518
22531
22578
22590
22630
22631
22632
22658
22679
22743
22752
23012
23059
23064
23079
23080
23123
23145
23151
23152
23179
23209
23211
23228
23253
23261
23265
23266
23283
23321
23356
23357
23359
23360
23363
23416
23419
23424
23473
23474
23476
23534
23559
23590
23591
23658
23736
23755
23778
23781
23801
23859
23873
23875
23879
23880
23884
23888
23917
23997
24007
24010
24034
24040
24041
24042
24062
24072
24073
24112
24128
24131
24140
24149
24157
24160
24165
24202
24216
24217
24223
24225
24244
24246
24248
24283
24339
24361
24362
24363
24378
24380
24385
24478
24557
24558
24602
24616
24646
24658
24659
24660
24684
24696
24758
24817
24870
24874
24907
24936
24939
24964
25003
25004
25014
25048
25055
25103
25194
25196
25202
25227
25234
25264
25275
25310
25335
25336
25364
25365
25366
25387
25388
25389
25390
25413
25425
25438
25517
25536
25564
25577
25592
25593
25610
25634
25648
25704
25714
25740
25741
25939
25955
25996
26065
26068
26125
26145
26306
26455
26462
26538
26566
26604
26608
26637
26697
26721
26724
27052
27053
27054
27070
27091
27095
27131
27177
27216
27266
27286
27289
27302
27303
27338
27340
27342
27351
27362
27424
27485
27495
27496
27497
27498
27558
27593
27687
27706
27744
27758
28035
28074
28075
28086
28111
28207
28208
28241
28246
28283
28292
28331
28371
28380
28499
28500
28551
28594
28596
28606
28890
28892
28894
28898
28983
28984
29049
29050
29056
29137
29150
29151
29160
29237
29238
29239
29261
29262
29286
29296
29299
29306
29313
29348
29513
29542
29600
29607
29650
29657
29811
30321
30421
30485
30546
30770
30822
30858
31000
31001
31009
31020
31311
31312
31315
31369
31373
31377
31378
31401
31402
31427
31433
31435
31513
31566
31579
31622
31630
31636
31705
31740
31746
31823
31865
31890
31930
31967
32068
32134
32172
32336
32337
32359
32360
32394
32399
32443
32536
32573
32575
32679
32680
32710
32732
32765
32806
32853
32883
32887
32911
32952
32956
32959
32968
32972
32976
32994
32995
32996
33025
33058
33308
33366
33386
33406
33497
33578
33579
33606
33608
33609
33616
33632
33636
33637
33638
33653
33711
33712
33724
33785
33808
33846
33856
33907
33914
33917
33974
34013
34055
34087
34153
34167
34215
34221
34222
34235
34236
34237
34238
34283
34302
34351
34353
34360
34361
34368
34369
34393
34412
34420
34422
34458
34459
34460
34473
34495
34536
34543
34567
34568
34569
34570
34571
34572
34574
34595
34600
34617
34619
34634
34637
34639
34645
34646
34647
34712
34728
34746
34748
34752
34758
34763
34773
34818
34844
34875
34935
34962
34982
35123
35124
35165
35166
35173
35174
35175
35188
35218
35219
35234
35244
35246
35255
35297
35306
35307
35383
35434
35454
35455
35476
35486
35505
35506
35535
35537
35587
35589
35591
35600
35638
35655
35656
35684
35687
35693
35727
35746
35763
35765
35776
35784
35787
35811
35813
35844
35872
35893
35921
36067
36126
36128
36133
36140
36141
36142
36162
36163
36167
36185
36186
36273
36277
36284
36315
36343
36345
36392
36451
36474
36501
36511
36526
36527
36529
36556
36563
36594
36595
36604
36605
36607
36720
36744
36773
36775
36823
36826
36889
37020
37044
37049
37064
37079
37108
37112
37174
37191
37222
37223
37274
37293
37316
37361
37366
37393
37396
37403
37417
37422
37429
37432
37446
37447
37547
37548
37569
37571
37602
37604
37613
37629
37644
37646
37672
37677
37678
37701
37704
37731
37798
37841
37842
37843
37855
37872
37888
37938
37947
37962
37964
38017
38080
38126
38153
38154
38234
38262
38270
38271
38274
38294
38343
38363
38382
38401
38482
38497
38522
38532
38535
38560
38587
38642
38645
38659
38688
38710
38720
38736
38737
38738
38781
38783
38813
38815
38820
38834
38861
38875
38935
38984
38985
39017
39087
39144
39145
39156
39157
39159
39224
39237
39329
39330
39399
39420
39431
39433
39451
39527
39529
39532
39550
39561
39731
39849
39861
39948
39958
39960
39962
40059
40064
40142
40210
40272
40274
40277
40322
40324
40341
40352
40686
40733
40756
40938
40951
41013
41014
41079
41159
41171
41181
41224
41351
41375
41384
41393
41405
41423
41468
41480
41556
41603
41703
41716
41740
41760
41801
41874
41922
41932
41981
42003
42033
42043
42051
42052
42053
42054
42080
42113
42114
42172
42174
42199
42327
42341
42365
42448
42456
42469
42510
42564
42597
42621
42694
42711
42715
42720
42733
42783
42797
42821
42857
42871
42872
42891
42919
42924
42925
42933
42951
42963
42974
43010
43075
43084
43121
43122
43272
43281
43359
43360
43395
43401
43408
43464
43467
43478
43479
43498
43580
43605
43617
43644
43646
43648
43694
43745
43789
43832
43963
43971
43977
44049
44058
44063
44146
44194
44205
44247
44267
44294
44299
44309
44372
44392
44411
44454
44544
44556
44592
44624
44643
44688
44740
44788
44841
44912
45124
45132
45133
45144
45159
45162
45163
45209
45219
45223
45259
45391
45392
45409
45422
45428
45448
45487
45516
45547
45636
45650
45652
45665
45669
45670
45679
45684
45800
45886
45924
45943
45976
45977
46016
46017
46030
46121
46154
46171
46172
46227
46234
46249
46250
46253
46267
46268
46269
46289
46302
46350
46366
46367
46415
46418
46432
46447
46450
46452
46458
46495
46514
46536
46549
46552
46561
46573
46602
46618
46695
46696
46697
46703
46704
46733
46755
46780
46798
46866
46870
46895
46918
47018
47090
47118
47121
47133
47181
47186
47187
47188
47217
47219
47269
47272
47273
47283
47335
47344
47355
47388
47410
47419
47429
47451
47454
47464
47508
47571
47583
47604
47605
47649
47660
47681
47695
47697
47698
47699
47726
47781
47826
47836
47876
47877
47878
47884
47888
47897
47915
47921
47999
48032
48043
48069
48073
48074
48084
48085
48106
48115
48124
48166
48169
48182
48199
48224
48248
48280
48354
48440
48444
48478
48480
48492
48504
48578
48588
48610
48643
48654
48742
48753
48772
48787
48793
48857
48876
48877
48881
48920
48921
48923
48934
48943
48966
48967
48996
48998
49015
49017
49030
49031
49044
49071
49073
49138
49160
49167
49176
49182
49190
49222
49223
49227
49245
49248
49273
49274
49287
49304
49307
49308
49310
49313
49316
49336
49353
49372
49383
49423
49443
49479
49493
49498
49518
49520
49544
49557
49562
49574
49579
49619
49671
49700
49766
49793
49794
49804
49805
49807
49808
49813
49814
49817
49818
49819
49823
49824
49836
49837
49840
49842
49843
49846
49847
49850
49860
49862
49865
49869
49883
49886
49893
49903
49906
49930
49931
49948
50031
50123
50138
50218
50220
50222
50255
50261
50353
50375
50376
50382
50399
50414
50415
50437
50439
50444
50446
50459
50501
50512
50568
50570
50580
50618
50619
50645
50653
50656
50677
50678
50702
50722
50734
50750
50804
50808
50832
50841
50843
50846
50860
50890
50892
50894
50910
51019
51020
51023
51024
51031
51084
51095
51242
51258
51301
51304
51314
51315
51324
51325
51326
51328
51364
51428
51442
51448
51504
51513
51515
51528
51541
51564
51577
51629
51630
51632
51642
51651
51652
51688
51689
51690
51704
51734
51735
51736
51737
51738
51745
51770
51771
51790
51826
51832
51833
51861
51862
51864
51895
51905
51912
51918
51919
51924
51926
52053
52077
52108
52117
52139
52152
52193
52211
52229
52233
52250
52260
52262
52283
52296
52319
52346
52407
52415
52430
52528
52573
52582
52644
52675
52690
52693
52695
52755
52859
52903
52944
52955
52986
53141
53167
53242
53244
53248
53250
53262
53271
53303
53308
53319
53323
53324
53335
53355
53359
53362
53365
53378
53388
53394
53417
53431
53437
53525
53612
53710
53734
53738
53740
53785
53850
53865
54020
54021
54027
54059
54100
54117
54119
54139
54184
54223
54224
54235
54242
54253
54255
54260
54261
54275
54287
54303
54373
54471
54473
54479
54608
54619
54650
54653
54657
54659
54693
54695
54701
54712
54714
54733
54735
54738
54739
54741
54742
54746
54759
54826
54876
54898
54926
54950
54952
54959
54961
54999
55002
55005
55008
55014
55020
55025
55071
55085
55124
55127
55128
55129
55136
55141
55147
55148
55149
55157
55161
55169
55177
55218
55279
55340
55341
55346
55366
55367
55392
55398
55404
55407
55408
55411
55413
55418
55428
55433
55435
55445
55450
55451
55458
55470
55483
55505
55520
55521
55525
55531
55532
55549
55577
55586
55587
55606
55610
55612
55622
55628
55636
55638
55641
55656
55659
55662
55669
55717
55727
55728
55786
55846
55847
55921
55947
55951
55954
55969
55987
56008
56014
56018
56032
56033
56066
56071
56115
56117
56141
56143
56165
56183
56196
56212
56213
56230
56240
56247
56273
56274
56321
56322
56323
56360
56361
56363
56383
56400
56440
56451
56500
56515
56547
56568
56575
56603
56605
56685
56692
56705
56706
56835
56863
56877
56878
56917
56918
56919
56948
56949
56986
57005
57006
57008
57009
57015
57016
57022
57024
57043
57062
57092
57114
57121
57129
57229
57231
57232
57268
57270
57272
57277
57285
57287
57291
57302
57345
57370
57402
57406
57411
57506
57507
57524
57539
57592
57654
57656
57690
57696
57701
57723
57811
57848
57888
57895
57935
57937
57938
58008
58009
58010
58123
58241
58247
58249
58251
58325
58329
58331
58378
58393
58413
58417
58426
58484
58516
58592
58611
58613
58745
58773
58904
58929
58963
58967
59073
59155
59241
59323
59336
59337
59340
59440
59441
59446
59563
59609
59643
59644
59685
59785
59787
59826
59941
60048
60057
60067
60071
60119
60126
60146
60420
60472
60477
60720
60730
60773
60774
60843
60889
60890
60903
60914
60980
60987
61048
61054
61059
61109
61127
61218
61350
61475
61478
61529
61565
61595
61641
61728
61812
61957
61981
61982
62029
62177
62178
62179
62180
62338
62421
62493
62565
62627
62628
62686
62694
62779
62963
62997
63005
63031
63060
63061
63105
63111
63145
63242
63264
63281
63317
63378
63392
63657
63851
63855
63864
63924
63931
63951
63956
64041
64082
64091
64102
64106
64196
64239
64240
64273
64325
64396
64411
64490
64576
64600
64602
64622
64665
64840
64849
65115
65133
65136
65139
65153
65188
65193
65206
65207
65251
65252
65395
65462
65466
65482
65483
65519
65520
65651
65790
65792
65798
65799
65800
65850
65853
65945
66104
66127
66167
66308
66587
66589
66591
66743
67128
67137
67138
67176
67195
67321
67341
67343
67411
67545
67676
67822
67828
67919
67920
67934
68001
68003
68026
68052
68108
68136
68141
68150
68164
68232
68243
68244
68245
68246
68257
68276
68278
68279
68282
68286
68290
68408
68506
68525
68578
68579
68580
68623
68629
68630
68712
68714
68741
68763
68881
68898
68909
68952
68972
69049
69055
69066
69173
69174
69226
69230
69233
69237
69244
69250
69268
69271
69274
69277
69283
69306
69350
69441
69442
69446
69468
69565
69631
69633
69634
69645
69647
69648
69649
69655
69659
69709
69800
69822
69827
69835
69842
69843
69879
69881
69882
69884
69926
69951
69980
69982
69986
69987
70013
70019
70089
70091
70111
70175
70178
70281
70313
70322
70366
70370
70403
70405
70406
70407
70414
70417
70458
70464
70466
70479
70738
70919
70929
71129
71370
71413
71414
71445
71446
71861
71879
71887
71890
71911
72015
72274
72365
72542
72773
73018
73020
73028
73036
73192
73347
73362
73363
73364
73469
73669
73672
73673
73773
73793
73834
73943
73996
74052
74233
74468
74501
74535
74550
74609
74611
74617
74620
74696
74706
74778
74992
75028
75122
75187
75206
75308
75322
75323
75360
75392
75398
75412
75529
75569
75588
75739
75905
75906
75924
75973
75995
75998
76006
76095
76097
76098
76127
76140
76154
76173
76183
76193
76396
76410
76456
76714
76791
76865
76867
76919
77085
77134
77144
77168
77173
77499
77517
77602
77656
77887
78029
78046
78048
78049
78054
78065
78073
78075
78088
78098
78106
78107
78244
78245
78260
78287
78300
78304
78305
78307
78312
78315
78316
78347
78348
78415
78416
78417
78418
78431
78432
78433
78434
78438
78439
78446
78447
78448
78474
78476
78477
78478
78495
78496
78498
78499
78502
78617
78625
78636
78642
78661
78662
78664
78669
78689
78692
78732
78735
78745
78842
79132
79335
79367
79427
79541
80089
80110
80138
80168
80174
80194
80204
80255
80356
80491
80510
80585
80824
80826
80963
80966
81127
81164
81285
81326
81328
81330
81331
81332
81441
81442
81819
81881
82056
82218
82225
82300
82402
82612
82655
82724
82821
82884
82903
82904
82905
83012
83111
83193
83290
83470
83587
83993
84092
84143
84223
84255
84344
84345
84428
84429
84430
84526
84572
84608
84612
84798
84823
84857
84905
84908
84973
85175
85286
85333
85414
85416
85534
85558
85592
85611
85631
85656
85821
85939
85943
86130
86148
86263
86440
86492
86494
86524
86526
86527
86546
86574
86576
86577
86580
86601
86605
86607
86642
86643
86644
86646
86647
86649
86651
86655
86656
86661
86663
86664
86723
86737
86739
86740
86751
86753
86754
86830
86831
86832
86833
86834
86835
86844
86863
86881
86896
86956
86957
86959
86962
86965
86978
86982
86984
86985
86986
86987
86991
87016
87017
87062
87064
87077
87177
87183
87273
87277
87306
87328
87335
87407
87439
87445
87556
87635
87655
87673
87723
88030
88081
88084
88227
88229
88566
89376
90117
90953
92648
93154
94036
94050
94768
94771
95070
96492
101989
103387
104232
108201
108933
108935
108936
110791
111575
112436
112437
113505
115893
115895
125622
131180
131181
137023
138650
139354
151254
151256
152481
152497
152542
152711
152715
152819
152820
152853
152894
153113
153131
153266
153338
153436
153582
153584
153979
154015
154214
154347
154801
154818
155049
155055
155595
155613
155784
155862
156479
156480
156488
156521
156523
156539
156541
156903
157433
157437
157582
157803
157804
158088
158182
158998
159000
159002
159003
159241
159339
160276
160279
160280
160281
160282
160285
160286
160287
160352
160795
160796
160797
160798
160800
160801
161029
161220
161399
161401
161402
162040
162655
162729
162730
162788
162899
162906
162908
162933
163027
163309
163418
163419
163817
164090
164655
164656
165337
165654
166052
166053
166054
166122
166199
166727
168237
168238
169168
169169
169170
170470
170471
171861
173020
174605
175870
176043
176980
177525
178206
178207
178209
178210
178230
178231
178232
178762
179107
180445
180954
180956
180960
180962
181292
181293
182188
182404
182406
182544
183157
183187
183414
183415
183416
197153
197715
198236
198968
199396
199400
199403
199437
199439
199447
199454
199457
199461
199463
199485
199502
199524
199527
199532
199609
199610
199712
199734
199737
199752
199753
199828
199837
199847
199896
199900
199950
199952
199963
200015
200174
200184
200238
200272
200273
200279
200280
200282
200294
200295
200303
200306
200318
200319
200326
200327
200341
200362
200479
200517
200528
200538
200550
200582
200586
200588
200590
203806
205068
205098
205102
205103
205201
205204
205206
205860
206306
206939
207183
207226
207396
207623
207624
207710
207758
208467
208474
208522
208708
208735
208837
208890
210170
210527
210547
210611
210620
210659
211107
211116
211117
211347
211544
211546
211549
211551
211552
211553
211556
211557
211560
211562
211564
211567
211571
211649
211701
212341
212575
212842
212848
212853
213056
213057
214713
214714
218636
218637
221498
224182
224189
224194
224195
224196
224199
224204
224208
224211
224212
224213
224215
224221
224231
224234
224235
224237
224238
224239
224244
224252
224253
226135
237216
237239
237331
237669
238433
238544
238559
238583
238586
238599
238613
238651
238669
238764
238766
238872
238892
238903
238916
238917
238966
239015
239030
239129
239147
239337
239350
239351
239372
239461
239462
240012
245045
251430
251988
251989
251990
252772
252838
252869
256404
256406
259071
261282
261814
262757
265020
268441
268463
269396
270463
270920
272682
272689
277634
282866
295033
306225
306722
306765
306874
306962
307560
307563
307570
307574
307656
307746
307964
308538
308542
308853
308855
309045
309238
309409
309514
309695
309696
309697
309699
309973
310586
311317
311838
311910
312342
312344
312402
313437
313438
