18
72
81
103
122
123
143
150
174
176
210
217
250
251
253
280
298
311
322
348
365
367
378
391
399
402
411
429
431
499
533
580
581
592
593
599
600
602
604
606
623
640
641
661
663
713
778
781
790
801
802
805
861
869
872
873
876
901
903
905
906
912
918
919
947
950
962
963
971
977
981
982
984
985
987
991
992
999
1002
1003
1010
1012
1013
1022
1025
1026
1027
1028
1029
1032
1033
1034
1065
1073
1074
1075
1117
1122
1131
1141
1142
1148
1154
1158
1169
1173
1174
1185
1186
1192
1201
1207
1208
1211
1222
1231
1233
1234
1236
1239
1249
1280
1282
1284
1288
1293
1297
1300
1303
1306
1310
1314
1317
1321
1323
1335
1342
1345
1355
1380
1381
1382
1389
1400
1408
1411
1415
1420
1466
1480
1487
1507
1519
1542
1553
1557
1562
1563
1566
1579
1580
1585
1586
1590
1593
1594
1597
1612
1626
1647
1649
1655
1656
1669
1673
1677
1679
1685
1688
1708
1710
1713
1722
1737
1746
1752
1794
1809
1816
1819
1824
1833
1845
1849
1859
1861
1863
1864
1865
1938
1946
1949
1950
1952
1953
1954
1959
1964
1987
1988
1989
2055
2063
2066
2088
2089
2094
2162
2163
2164
2166
2172
2173
2174
2176
2180
2187
2203
2210
2212
2217
2219
2233
2236
2240
2242
2253
2259
2279
2280
2283
2290
2294
2311
2314
2315
2316
2317
2320
2321
2324
2332
2365
2402
2403
2407
2408
2409
2433
2447
2448
2449
2450
2457
2467
2469
2470
2478
2534
2559
2564
2565
2575
2576
2579
2590
2593
2595
2597
2608
2609
2619
2628
2651
2666
2670
2672
2673
2676
2680
2682
2683
2721
2744
2745
2750
2755
2778
2780
2782
2796
2811
2812
2822
2835
2844
2850
2863
2884
2924
2925
2931
2933
2962
2965
2966
2968
2988
3000
3040
3041
3058
3084
3086
3087
3108
3115
3157
3187
3266
3285
3290
3317
3318
3319
3344
3347
3361
3363
3365
3369
3370
3388
3393
3394
3404
3405
3417
3420
3424
3426
3432
3433
3434
3440
3445
3447
3451
3452
3472
3473
3475
3479
3482
3483
3497
3502
3519
3548
3562
3565
3569
3572
3597
3599
3602
3613
3614
3615
3616
3619
3621
3628
3629
3632
3637
3638
3639
3641
3648
3650
3651
3653
3654
3667
3677
3678
3679
3681
3682
3683
3684
3710
3711
3720
3721
3722
3739
3741
3745
3747
3762
3768
3769
3774
3779
3793
3796
3809
3814
3815
3816
3877
3896
3907
3954
3959
3963
3970
3975
3976
3978
3988
3991
3994
3997
3998
4004
4014
4016
4021
4023
4024
4029
4030
4031
4034
4035
4036
4038
4053
4055
4056
4059
4105
4111
4112
4113
4131
4160
4165
4168
4169
4174
4177
4181
4183
4184
4188
4189
4197
4199
4207
4209
4211
4238
4239
4253
4258
4280
4281
4282
4289
4290
4292
4299
4300
4301
4302
4304
4305
4308
4309
4311
4312
4321
4322
4324
4327
4328
4329
4330
4338
4348
4349
4362
4371
4374
4383
4389
4390
4391
4394
4399
4406
4409
4414
4417
4424
4426
4428
4435
4438
4452
4471
4476
4481
4483
4488
4498
4501
4502
4503
4504
4505
4515
4523
4526
4530
4544
4560
4569
4615
4616
4617
4629
4631
4633
4650
4651
4656
4665
4666
4678
4682
4684
4688
4696
4710
4739
4749
4764
4765
4783
4792
4846
4855
4859
4869
4870
4871
4896
4900
4908
4919
4920
4921
4922
4927
4955
4958
4963
4975
4978
4980
5003
5007
5008
5012
5013
5021
5022
5023
5032
5036
5042
5048
5049
5050
5059
5083
5089
5108
5119
5120
5126
5148
5168
5184
5189
5202
5207
5276
5286
5295
5303
5307
5311
5327
5336
5337
5339
5350
5351
5353
5360
5361
5377
5383
5398
5399
5404
5405
5406
5407
5414
5422
5427
5429
5437
5441
5454
5455
5467
5533
5540
5541
5546
5549
5553
5575
5590
5591
5592
5603
5623
5624
5630
5654
5681
5683
5685
5686
5717
5779
5818
5821
5836
5848
5850
5863
5864
5868
5870
5871
5891
5894
5896
5897
5898
5899
5933
5944
5949
5950
5952
5955
5958
5981
5996
5997
5998
6031
6038
6049
6062
6075
6080
6083
6096
6104
6109
6114
6115
6116
6117
6126
6133
6134
6135
6152
6153
6157
6160
6185
6186
6190
6203
6212
6220
6239
6240
6248
6251
6268
6273
6278
6292
6294
6295
6336
6389
6392
6394
6395
6403
6407
6411
6413
6436
6437
6450
6455
6590
6613
6615
6616
6631
6635
6636
6637
6641
6643
6644
6649
6651
6661
6662
6674
6678
6684
6689
6691
6730
6732
6745
6750
6753
6757
6758
6831
6846
6856
6873
6892
6918
6927
6939
6943
6965
6967
6969
6970
6974
6975
6976
6978
6980
6982
6985
6996
6997
7009
7010
7020
7036
7073
7095
7101
7103
7123
7124
7125
7147
7149
7153
7163
7167
7168
7174
7190
7191
7194
7198
7200
7213
7214
7216
7217
7221
7223
7232
7239
7256
7268
7270
7285
7291
7293
7294
7295
7300
7305
7312
7324
7382
7405
7412
7418
7419
7444
7489
7497
7499
7529
7533
7563
7566
7574
7579
7594
7596
7615
7617
7680
7718
7721
7722
7723
7725
7726
7736
7744
7745
7749
7753
7754
7755
7761
7766
7774
7776
7780
7781
7789
7798
7821
7831
7835
7839
7863
7866
7889
7896
7903
7904
7909
7914
7915
7918
7931
7935
7936
7937
7943
7948
7949
7951
7968
7969
7977
7979
7985
7994
7995
7996
7999
8007
8008
8009
8035
8037
8038
8039
8040
8041
8053
8054
8058
8061
8062
8073
8074
8078
8080
8082
8090
8092
8096
8097
8102
8110
8111
8112
8115
8121
8123
8124
8131
8132
8133
8136
8141
8144
8148
8150
8155
8156
8163
8171
8173
8174
8175
8176
8182
8187
8192
8194
8195
8198
8214
8216
8221
8235
8238
8241
8248
8253
8254
8255
8277
8284
8286
8287
8288
8289
8290
8293
8296
8300
8304
8305
8312
8319
8321
8332
8337
8349
8350
8373
8436
8447
8464
8465
8468
8495
8497
8516
8517
8536
8537
8538
8546
8548
8549
8551
8555
8556
8570
8571
8575
8582
8584
8591
8598
8620
8621
8634
8642
8646
8647
8649
8659
8660
8665
8667
8671
8674
8679
8684
8693
8701
8702
8708
8709
8714
8718
8722
8732
8734
8736
8739
8740
8748
8749
8751
8752
8754
8761
8765
8766
8772
8777
8788
8798
8800
8804
8812
8814
8837
8844
8847
8851
8854
8855
8859
8862
8863
8870
8875
8877
8880
8886
8888
8891
8892
8893
8902
8903
8911
8912
8916
8917
8918
8919
8920
8925
8926
8927
8933
8939
8946
8964
8975
8980
8982
8990
8991
8993
8997
9004
9005
9008
9009
9010
9012
9014
9021
9024
9026
9054
9061
9063
9065
9074
9075
9076
9078
9080
9081
9097
9125
9126
9147
9152
9172
9176
9177
9184
9192
9195
9198
9199
9203
9205
9209
9214
9216
9225
9226
9227
9232
9233
9234
9241
9247
9273
9277
9295
9296
9307
9309
9314
9315
9317
9324
9333
9347
9351
9358
9362
9377
9378
9388
9389
9390
9407
9431
9460
9478
9479
9480
9484
9499
9501
9505
9506
9514
9519
9529
9530
9531
9532
9539
9565
9570
9571
9583
9584
9591
9599
9601
9602
9607
9608
9612
9615
9617
9620
9621
9622
9627
9628
9629
9642
9646
9651
9657
9658
9661
9662
9669
9676
9683
9688
9695
9696
9707
9718
9724
9742
9745
9747
9756
9758
9761
9765
9771
9784
9787
9788
9817
9819
9825
9828
9829
9836
9859
9862
9868
9870
9888
9910
9918
9923
9925
9933
9934
9971
9974
9984
9987
9989
9997
9998
9999
10002
10004
10025
10027
10037
10045
10050
10051
10056
10062
10063
10067
10068
10071
10073
10082
10099
10119
10144
10147
10150
10152
10162
10163
10166
10167
10168
10172
10176
10177
10186
10189
10196
10198
10202
10211
10213
10215
10253
10254
10257
10265
10266
10271
10295
10296
10298
10304
10305
10314
10324
10335
10337
10339
10341
10344
10347
10361
10365
10367
10368
10376
10381
10382
10383
10386
10387
10401
10404
10405
10408
10409
10410
10424
10441
10447
10461
10466
10483
10485
10486
10488
10489
10498
10500
10509
10511
10524
10533
10539
10549
10561
10562
10563
10581
10582
10621
10623
10626
10637
10645
10646
10647
10651
10655
10660
10672
10673
10695
10702
10703
10708
10712
10716
10718
10719
10724
10729
10730
10732
10743
10747
10750
10751
10761
10763
10772
10776
10777
10784
10795
10798
10817
10818
10823
10832
10834
10842
10844
10849
10858
10861
10862
10872
10874
10875
10876
10880
10888
10912
10914
10915
10924
10931
10933
10949
10955
10957
10958
10960
10961
10962
10964
10974
10983
10995
10996
10997
11017
11027
11030
11032
11033
11034
11035
11036
11057
11059
11060
11061
11062
11074
11078
11082
11104
11105
11111
11125
11126
11127
11129
11132
11176
11183
11187
11193
11196
11198
11202
11205
11210
11219
11220
11221
11222
11227
11229
11230
11249
11255
11257
11263
11273
11277
11281
11282
11283
11295
11300
11316
11319
11329
11331
11332
11349
11353
11354
11366
11399
11409
11429
11436
11439
11450
11452
11463
11465
11492
11499
11506
11530
11545
11549
11580
11588
11606
11616
11630
11631
11647
11648
11655
11657
11658
11660
11672
11673
11683
11686
11701
11703
11705
11709
11710
11712
11717
11734
11740
11764
11819
11833
11849
11862
11877
11889
11902
11903
11915
11924
11925
11927
11928
11932
11985
11986
11987
11988
11991
11992
12005
12013
12024
12025
12026
12066
12067
12072
12077
12079
12089
12091
12098
12103
12104
12116
12117
12123
12125
12128
12139
12140
12150
12160
12180
12187
12189
12190
12197
12199
12203
12208
12209
12223
12225
12227
12231
12250
12256
12257
12258
12274
12275
12278
12280
12281
12286
12343
12389
12393
12406
12411
12425
12428
12435
12436
12451
12453
12454
12455
12465
12466
12496
12507
12508
12510
12513
12514
12515
12516
12517
12519
12524
12525
12526
12527
12528
12529
12537
12539
12540
12545
12546
12551
12554
12555
12578
12582
12583
12592
12597
12599
12600
12607
12641
12644
12645
12654
12656
12662
12663
12664
12665
12666
12667
12681
12683
12689
12696
12711
12713
12715
12721
12722
12723
12727
12744
12748
12753
12755
12760
12761
12763
12768
12769
12772
12775
12776
12777
12784
12794
12796
12805
12807
12812
12815
12816
12832
12833
12836
12840
12856
12857
12865
12870
12871
12887
12901
12902
12903
12909
12910
12914
12915
12926
12931
12941
12943
12949
12950
12951
12952
12973
12980
12983
12993
12996
12997
13001
13019
13033
13036
13040
13050
13070
13074
13079
13082
13084
13111
13120
13132
13135
13156
13162
13163
13164
13165
13167
13168
13169
13174
13175
13194
13196
13197
13206
13208
13220
13221
13231
13232
13234
13239
13254
13260
13269
13270
13275
13277
13284
13285
13286
13287
13299
13311
13313
13314
13316
13321
13324
13325
13326
13332
13333
13336
13347
13349
13350
13358
13359
13366
13367
13368
13369
13370
13381
13383
13389
13392
13393
13400
13402
13403
13405
13406
13414
13423
13442
13444
13447
13458
13463
13464
13465
13479
13496
13498
13500
13501
13527
13553
13555
13566
13580
13582
13619
13632
13633
13650
13665
13666
13667
13668
13670
13673
13703
13715
13717
13718
13721
13723
13724
13725
13741
13744
13745
13752
13773
13774
13781
13782
13786
13788
13789
13790
13827
13835
13850
13851
13859
13861
13868
13890
13893
13915
13917
13921
13922
13923
13925
13937
13952
13954
13955
13978
13979
13980
13984
13985
13990
13999
14000
14002
14007
14036
14041
14075
14076
14079
14083
14086
14093
14094
14103
14106
14107
14111
14125
14127
14132
14133
14137
14138
14142
14143
14145
14152
14154
14165
14166
14175
14184
14185
14190
14207
14208
14211
14217
14240
14255
14256
14257
14262
14263
14264
14265
14266
14267
14268
14269
14271
14272
14283
14284
14294
14297
14306
14316
14324
14325
14326
14339
14343
14344
14345
14354
14357
14359
14360
14363
14364
14365
14372
14374
14378
14381
14384
14390
14400
14405
14407
14408
14417
14418
14419
14433
14434
14440
14441
14444
14451
14453
14455
14463
14468
14474
14476
14478
14480
14488
14496
14509
14510
14518
14519
14524
14529
14530
14536
14539
14548
14549
14551
14559
14566
14571
14572
14579
14580
14583
14591
14592
14598
14605
14606
14610
14612
14618
14622
14625
14637
14638
14647
14649
14650
14651
14653
14654
14658
14664
14667
14672
14677
14681
14682
14683
14689
14697
14699
14708
14709
14716
14717
14718
14721
14723
14725
14726
14727
14728
14734
14735
14736
14759
14760
14761
14764
14766
14776
14777
14778
14781
14783
14785
14787
14789
14792
14793
14797
14798
14806
14807
14809
14810
14812
14823
14824
14827
14828
14833
14834
14840
14845
14846
14858
14864
14865
14866
14874
14876
14887
14900
14911
14912
14913
14931
14932
14939
14949
14961
14962
14963
14964
14965
14976
14977
14978
14979
14987
14988
14997
14999
15000
15002
15003
15006
15013
15020
15021
15039
15063
15066
15074
15091
15112
15127
15128
15129
15130
15132
15133
15138
15144
15150
15162
15168
15193
15199
15227
15231
15241
15251
15253
15262
15263
15304
15308
15329
15330
15350
15358
15360
15361
15401
15407
15409
15410
15421
15441
15443
15449
15451
15453
15461
15483
15484
15506
15509
15511
15520
15532
15534
15537
15540
15541
15546
15547
15574
15581
15583
15606
15608
15626
15628
15642
15643
15654
15676
15685
15699
15716
15719
15720
15742
15743
15744
15745
15746
15747
15769
15820
15821
15825
15843
15866
15880
15881
15882
15912
15942
15947
15953
15985
15987
15988
15991
15992
15993
15996
16034
16037
16043
16045
16072
16075
16087
16089
16094
16096
16130
16132
16135
16136
16137
16138
16145
16160
16164
16184
16185
16186
16188
16208
16209
16215
16216
16217
16218
16222
16223
16224
16234
16262
16278
16286
16309
16310
16312
16313
16314
16316
16322
16334
16336
16381
16394
16441
16448
16545
16568
16574
16580
16596
16597
16614
16621
16626
16630
16653
16657
16673
16675
16707
16708
16731
16734
16754
16756
16758
16804
16818
16847
16868
16890
16893
16894
16923
16926
16927
16929
16932
16944
16954
16957
16959
16962
16966
16967
16968
16972
16973
16974
16976
16977
16993
17021
17022
17023
17034
17035
17036
17041
17042
17043
17047
17048
17070
17079
17081
17082
17093
17095
17110
17111
17114
17119
17137
17155
17156
17157
17158
17159
17160
17161
17162
17163
17165
17183
17188
17207
17244
17247
17271
17278
17293
17295
17296
17322
17328
17347
17373
17390
17395
17438
17440
17460
17469
17479
17482
17483
17487
17501
17510
17511
17515
17517
17520
17521
17539
17548
17561
17563
17564
17566
17570
17574
17576
17579
17585
17587
17589
17603
17605
17606
17610
17615
17617
17622
17645
17658
17660
17671
17683
17691
17697
17704
17705
17711
17743
17745
17746
17747
17756
17764
17772
17773
17788
17791
17803
17808
17823
17837
17844
17863
17870
17872
17900
17902
17904
17937
17943
17946
17961
17974
17987
17988
17993
18004
18015
18021
18022
18023
18044
18045
18050
18051
18066
18067
18071
18073
18076
18077
18090
18107
18109
18124
18135
18147
18163
18176
18207
18211
18213
18214
18227
18230
18233
18239
18240
18244
18245
18247
18248
18250
18252
18253
18254
18255
18297
18298
18299
18300
18302
18304
18305
18306
18307
18318
18321
18322
18323
18324
18333
18362
18364
18377
18378
18380
18384
18385
18391
18394
18396
18397
18398
18416
18426
18434
18435
18451
18460
18464
18501
18509
18513
18531
18533
18545
18552
18555
18556
18560
18564
18566
18574
18585
18604
18609
18610
18611
18615
18621
18624
18627
18628
18630
18631
18634
18635
18638
18641
18645
18646
18670
18671
18697
18698
18714
18715
18716
18746
18748
18755
18761
18764
18788
18793
18795
18798
18802
18806
18815
18824
18835
18836
18838
18849
18850
18851
18852
18860
18861
18862
18864
18865
18866
18870
18885
18887
18895
18899
18900
18902
18908
18914
18918
18919
18924
18927
18929
18936
18939
18944
18947
18948
18951
18959
18960
18966
18968
18975
18995
19008
19013
19032
19034
19051
19052
19055
19056
19057
19061
19080
19082
19085
19089
19090
19095
19096
19102
19104
19112
19113
19115
19117
19118
19119
19123
19124
19126
19132
19133
19137
19140
19151
19153
19159
19190
19191
19198
19199
19200
19207
19213
19214
19215
19216
19256
19277
19292
19293
19297
19301
19318
19319
19322
19326
19340
19344
19351
19352
19353
19356
19365
19369
19374
19375
19385
19394
19403
19409
19413
19420
19424
19425
19427
19441
19446
19447
19448
19453
19455
19465
19467
19468
19484
19487
19492
19496
19500
19508
19513
19516
19525
19542
19543
19544
19551
19553
19559
19560
19561
19563
19568
19570
19573
19579
19585
19593
19628
19629
19630
19631
19632
19633
19655
19677
19678
19682
19690
19696
19699
19716
19719
19720
19722
19732
19736
19737
19738
19741
19742
19743
19744
19748
19749
19753
19758
19759
19760
19761
19762
19766
19768
19772
19775
19778
19783
19784
19785
19792
19793
19794
19795
19796
19797
19798
19803
19805
19807
19809
19810
19831
19832
19836
19837
19838
19850
19851
19852
19859
19861
19862
19865
19869
19871
19872
19873
19874
19888
19892
19893
19894
19907
19908
19910
19912
19913
19914
19930
19932
19940
19945
19950
19952
19953
19958
19967
19979
20002
20005
20006
20010
20012
20022
20024
20025
20026
20027
20041
20043
20044
20050
20055
20059
20068
20073
20074
20075
20076
20079
20081
20092
20093
20100
20101
20102
20109
20133
20136
20147
20152
20154
20156
20157
20163
20168
20169
20170
20178
20179
20180
20182
20183
20184
20185
20187
20188
20190
20191
20203
20206
20219
20242
20248
20262
20269
20272
20280
20282
20284
20309
20313
20314
20347
20349
20360
20395
20399
20404
20406
20407
20409
20414
20420
20456
20475
20476
20486
20502
20505
20540
20541
20542
20544
20546
20597
20600
20601
20605
20633
20638
20642
20650
20653
20658
20665
20667
20672
20689
20692
20693
20694
20705
20706
20707
20708
20711
20725
20726
20735
20736
20737
20739
20740
20744
20745
20761
20768
20769
20772
20774
20776
20778
20780
20782
20784
20785
20791
20793
20794
20796
20807
20811
20815
20816
20825
20827
20832
20834
20835
20837
20839
20843
20844
20847
20854
20855
20857
20858
20859
20860
20861
20866
20871
20873
20878
20879
20881
20883
20884
20885
20889
20915
20925
20927
20928
20931
20944
20946
20951
20952
20954
20958
20959
20960
20961
20967
20972
20976
20981
20994
20996
20999
21002
21005
21006
21010
21028
21030
21034
21037
21041
21042
21056
21057
21058
21065
21066
21075
21089
21090
21092
21093
21094
21095
21096
21100
21110
21112
21118
21134
21135
21136
21137
21144
21147
21150
21151
21158
21159
21164
21165
21198
21199
21204
21213
21214
21224
21225
21228
21234
21235
21239
21240
21241
21244
21247
21280
21281
21282
21284
21291
21292
21297
21307
21323
21324
21329
21333
21338
21340
21342
21355
21356
21362
21363
21373
21375
21376
21383
21399
21402
21407
21409
21410
21411
21421
21424
21431
21432
21434
21435
21437
21439
21440
21442
21444
21448
21456
21461
21462
21463
21464
21465
21466
21468
21478
21485
21507
21512
21525
21530
21531
21534
21539
21549
21551
21555
21572
21573
21574
21577
21580
21582
21583
21584
21594
21598
21599
21608
21609
21610
21611
21613
21616
21631
21634
21635
21637
21641
21642
21660
21663
21668
21677
21678
21687
21692
21693
21718
21724
21732
21737
21742
21745
21757
21773
21774
21776
21777
21778
21779
21780
21782
21788
21791
21792
21797
21798
21805
21807
21808
21809
21811
21814
21817
21827
21837
21838
21840
21842
21851
21853
21854
21870
21871
21878
21884
21885
21886
21888
21895
21898
21908
21909
21910
21915
21917
21918
21919
21931
21932
21933
21936
21937
21939
21948
21963
21964
21965
21967
21968
21970
21973
21976
21984
21998
22000
22018
22020
22027
22028
22030
22031
22038
22039
22040
22049
22051
22061
22062
22064
22065
22066
22073
22075
22090
22092
22093
22094
22095
22096
22097
22098
22121
22129
22130
22147
22149
22150
22154
22158
22159
22163
22164
22172
22176
22188
22189
22190
22192
22194
22196
22197
22209
22210
22211
22212
22213
22214
22215
22217
22222
22227
22229
22231
22235
22237
22257
22259
22260
22261
22262
22266
22273
22274
22275
22277
22278
22279
22284
22287
22305
22306
22308
22313
22318
22322
22324
22326
22327
22329
22330
22331
22332
22333
22337
22338
22339
22345
22351
22382
22390
22401
22408
22422
22423
22424
22431
22432
22439
22440
22441
22445
22452
22459
22461
22473
22477
22490
22491
22495
22501
22505
22513
22514
22517
22518
22519
22526
22553
22559
22566
22568
22573
22574
22576
22578
22585
22589
22590
22593
22596
22598
22609
22610
22612
22619
22629
22630
22631
22632
22633
22638
22643
22647
22649
22650
22651
22654
22658
22668
22670
22675
22679
22680
22682
22684
22696
22710
22711
22712
22742
22743
22744
22749
22753
22760
22765
22769
22771
22984
22990
22997
23001
23002
23007
23009
23011
23012
23013
23016
23018
23025
23027
23030
23031
23035
23037
23039
23058
23059
23062
23064
23068
23078
23079
23080
23083
23085
23090
23091
23092
23093
23094
23100
23108
23111
23116
23124
23129
23145
23146
23151
23152
23158
23162
23167
23176
23177
23179
23193
23198
23200
23202
23204
23205
23209
23210
23211
23218
23222
23224
23227
23228
23234
23239
23240
23247
23252
23253
23254
23255
23260
23261
23262
23263
23266
23277
23281
23285
23287
23289
23293
23294
23296
23304
23311
23316
23320
23321
23322
23331
23336
23339
23340
23354
23355
23356
23357
23359
23360
23363
23364
23379
23381
23382
23384
23395
23415
23416
23419
23423
23424
23425
23440
23446
23447
23448
23451
23457
23458
23462
23467
23471
23474
23475
23476
23495
23510
23525
23529
23534
23535
23545
23546
23547
23550
23559
23566
23567
23572
23590
23607
23623
23626
23632
23642
23645
23647
23649
23651
23658
23678
23682
23683
23704
23707
23734
23742
23743
23758
23773
23777
23781
23782
23795
23801
23807
23815
23827
23832
23840
23841
23846
23850
23858
23859
23860
23865
23869
23870
23871
23873
23875
23878
23879
23880
23881
23882
23884
23885
23886
23887
23888
23901
23903
23918
23924
23929
23932
23933
23965
23971
23981
23982
23983
23985
23993
23994
23996
24000
24001
24005
24006
24010
24014
24015
24016
24029
24030
24031
24032
24041
24042
24043
24045
24046
24052
24055
24056
24059
24062
24063
24065
24070
24072
24073
24086
24089
24097
24099
24103
24106
24107
24109
24111
24112
24115
24116
24117
24118
24127
24128
24131
24140
24141
24142
24143
24144
24147
24149
24152
24153
24154
24155
24156
24157
24160
24163
24164
24165
24166
24169
24174
24182
24184
24190
24193
24194
24202
24203
24206
24216
24217
24220
24222
24223
24224
24232
24234
24235
24245
24246
24253
24254
24255
24257
24264
24265
24266
24269
24272
24277
24281
24282
24283
24286
24293
24296
24303
24318
24319
24320
24321
24324
24326
24327
24328
24330
24333
24335
24336
24338
24339
24345
24346
24349
24351
24352
24354
24360
24361
24362
24363
24365
24367
24369
24370
24373
24374
24375
24381
24382
24383
24384
24385
24386
24395
24396
24397
24398
24404
24418
24419
24431
24432
24434
24452
24463
24473
24478
24517
24521
24538
24557
24565
24566
24567
24570
24600
24612
24613
24616
24620
24628
24646
24649
24652
24653
24658
24659
24660
24666
24681
24684
24687
24691
24734
24757
24758
24762
24765
24766
24813
24815
24818
24829
24830
24832
24833
24836
24844
24854
24855
24858
24869
24870
24871
24874
24881
24882
24885
24904
24908
24918
24931
24934
24937
24939
24948
24988
24990
24993
25001
25003
25004
25006
25012
25013
25014
25015
25024
25042
25043
25045
25046
25047
25051
25053
25055
25066
25071
25080
25081
25090
25103
25107
25111
25112
25117
25129
25131
25135
25136
25137
25138
25146
25167
25186
25188
25192
25196
25200
25201
25202
25203
25205
25225
25227
25229
25230
25231
25234
25236
25257
25259
25260
25261
25262
25263
25264
25266
25270
25272
25275
25277
25278
25279
25289
25310
25333
25334
25335
25336
25360
25361
25362
25364
25365
25366
25374
25377
25381
25383
25385
25387
25390
25392
25395
25396
25405
25410
25412
25413
25414
25425
25434
25436
25439
25461
25473
25486
25487
25492
25494
25517
25522
25536
25552
25569
25572
25577
25579
25588
25589
25593
25596
25600
25603
25610
25634
25638
25644
25647
25648
25649
25650
25652
25663
25672
25675
25694
25699
25701
25702
25704
25705
25713
25714
25716
25717
25718
25738
25739
25740
25741
25745
25746
25760
25761
25767
25784
25786
25787
25835
25848
25853
25860
25861
25868
25873
25916
25930
25933
25936
25939
25942
25943
25944
25966
25993
26016
26017
26038
26039
26040
26065
26072
26078
26110
26120
26121
26122
26123
26125
26145
26178
26179
26190
26192
26193
26226
26227
26240
26272
26273
26274
26306
26310
26433
26434
26450
26452
26454
26455
26457
26462
26491
26498
26499
26500
26502
26528
26531
26534
26535
26537
26543
26544
26545
26546
26547
26552
26555
26570
26571
26575
26581
26582
26603
26604
26619
26637
26638
26639
26650
26656
26670
26671
26690
26694
26695
26698
26699
26700
26703
26710
26805
26807
26811
26813
26831
26901
26902
26948
26964
26966
26975
26995
27052
27053
27054
27068
27069
27070
27071
27074
27077
27078
27081
27082
27084
27090
27091
27109
27112
27130
27131
27135
27154
27161
27162
27173
27177
27193
27197
27217
27246
27247
27248
27252
27264
27265
27286
27288
27289
27290
27291
27292
27293
27299
27300
27301
27302
27303
27308
27310
27311
27313
27331
27332
27336
27338
27340
27342
27343
27345
27349
27351
27352
27362
27372
27390
27393
27409
27410
27424
27494
27495
27496
27497
27498
27529
27530
27532
27550
27583
27618
27619
27627
27677
27706
27717
27719
27742
27744
27757
27758
27759
27761
27762
27822
27845
27903
27907
27920
27969
27971
27980
27981
28050
28051
28061
28065
28072
28074
28075
28082
28086
28112
28127
28139
28190
28207
28208
28240
28241
28283
28287
28290
28291
28292
28294
28329
28331
28337
28347
28360
28361
28371
28380
28385
28415
28448
28463
28490
28499
28500
28530
28534
28551
28552
28594
28606
28631
28641
28659
28660
28693
28702
28751
28771
28772
28819
28827
28836
28837
28890
28892
28894
28895
28898
28909
28957
28959
28969
28977
28984
29023
29026
29040
29042
29045
29046
29048
29049
29050
29054
29058
29079
29098
29111
29150
29151
29160
29203
29204
29221
29222
29223
29231
29238
29239
29244
29246
29261
29262
29263
29265
29269
29272
29274
29280
29281
29282
29286
29287
29290
29296
29297
29298
29313
29330
29348
29387
29398
29453
29508
29521
29538
29572
29586
29597
29600
29607
29608
29650
29654
29660
29666
29681
29702
29713
29723
29725
29727
29728
29755
29773
29774
29777
29778
29779
29811
29816
29817
29839
29852
29865
29894
29929
29949
29957
29958
29983
29991
30053
30073
30136
30138
30172
30173
30190
30192
30214
30303
30347
30410
30422
30435
30461
30469
30485
30488
30530
30546
30549
30550
30563
30564
30574
30591
30600
30602
30608
30612
30626
30638
30642
30644
30648
30653
30657
30660
30687
30689
30690
30698
30760
30763
30785
30810
30818
30822
30835
30836
30858
30869
30870
30880
30888
30889
30912
30924
30925
30926
30930
30967
30969
30970
30971
30972
31000
31001
31009
31020
31024
31025
31026
31029
31030
31031
31056
31063
31064
31069
31076
31078
31097
31098
31100
31117
31138
31151
31152
31255
31311
31366
31369
31377
31378
31394
31399
31401
31402
31430
31433
31435
31468
31470
31506
31513
31515
31527
31529
31531
31550
31551
31566
31572
31579
31590
31591
31595
31596
31597
31602
31607
31615
31622
31624
31626
31629
31630
31636
31640
31643
31644
31645
31670
31672
31687
31703
31704
31705
31708
31715
31716
31740
31746
31747
31751
31758
31762
31767
31769
31784
31788
31791
31797
31801
31804
31812
31817
31823
31854
31860
31865
31866
31882
31890
31902
31916
31917
31918
31927
31930
31932
31950
31952
31957
32008
32016
32021
32027
32032
32058
32067
32114
32132
32133
32134
32138
32139
32142
32144
32146
32161
32168
32170
32171
32172
32258
32259
32270
32271
32279
32297
32324
32326
32327
32330
32332
32334
32335
32336
32337
32359
32360
32392
32393
32395
32398
32399
32400
32403
32404
32405
32421
32422
32441
32448
32462
32465
32466
32469
32470
32472
32473
32475
32476
32482
32569
32570
32614
32615
32617
32654
32655
32669
32704
32706
32707
32710
32729
32732
32734
32766
32806
32809
32810
32811
32851
32853
32882
32883
32887
32888
32889
32898
32899
32901
32911
32945
32948
32950
32951
32952
32953
32957
32959
32961
32965
32968
32970
32972
32974
32976
32978
32994
32995
32996
33011
33017
33025
33057
33061
33073
33114
33204
33205
33207
33209
33231
33232
33266
33363
33381
33382
33397
33407
33445
33446
33453
33461
33500
33513
33514
33519
33525
33534
33547
33578
33579
33581
33584
33606
33613
33616
33623
33625
33629
33632
33636
33637
33638
33652
33653
33677
33692
33711
33712
33715
33716
33724
33725
33726
33751
33768
33819
33840
33849
33853
33854
33862
33883
33900
33907
33914
33931
33936
33939
33972
33974
33996
34011
34013
34023
34025
34041
34059
34065
34066
34067
34068
34069
34070
34079
34080
34081
34085
34086
34087
34096
34114
34115
34117
34121
34122
34148
34149
34155
34159
34165
34202
34207
34214
34215
34221
34222
34224
34227
34228
34229
34233
34235
34236
34237
34238
34240
34261
34271
34278
34282
34283
34285
34302
34310
34314
34316
34318
34323
34324
34327
34342
34343
34346
34351
34353
34356
34360
34361
34362
34368
34369
34384
34390
34410
34412
34420
34422
34433
34434
34435
34437
34438
34439
34452
34453
34457
34458
34459
34460
34473
34474
34492
34493
34494
34495
34506
34507
34523
34524
34526
34531
34532
34533
34536
34540
34543
34555
34560
34567
34568
34569
34570
34571
34572
34596
34601
34602
34617
34620
34621
34629
34634
34637
34645
34646
34647
34649
34651
34652
34655
34657
34680
34683
34703
34707
34712
34722
34728
34734
34735
34736
34738
34746
34747
34753
34759
34761
34766
34767
34768
34769
34773
34774
34778
34779
34818
34820
34822
34840
34841
34843
34844
34875
34876
34896
34910
34931
34933
34935
34953
34967
34969
34982
34989
34992
35004
35006
35007
35010
35027
35028
35029
35031
35032
35098
35099
35105
35118
35121
35123
35124
35144
35153
35156
35158
35166
35173
35175
35184
35188
35218
35219
35223
35224
35226
35228
35234
35235
35244
35245
35246
35248
35250
35251
35255
35258
35259
35263
35264
35265
35266
35282
35284
35295
35297
35304
35306
35307
35314
35316
35341
35353
35357
35411
35430
35431
35435
35442
35446
35457
35474
35476
35477
35478
35485
35486
35493
35504
35505
35506
35519
35535
35537
35539
35554
35555
35557
35567
35573
35587
35589
35590
35591
35600
35626
35627
35631
35635
35638
35646
35654
35655
35656
35659
35677
35684
35686
35687
35690
35693
35710
35717
35727
35732
35746
35751
35753
35762
35763
35765
35770
35771
35775
35776
35784
35787
35789
35804
35811
35813
35838
35840
35844
35862
35863
35869
35871
35881
35893
35903
35917
35921
35927
36013
36033
36035
36041
36067
36126
36128
36133
36140
36141
36142
36153
36157
36162
36164
36165
36167
36168
36169
36170
36176
36184
36203
36208
36215
36217
36234
36252
36257
36268
36277
36279
36284
36290
36315
36333
36337
36339
36340
36341
36344
36345
36355
36357
36360
36363
36364
36365
36378
36381
36392
36393
36415
36417
36427
36448
36450
36451
36473
36474
36526
36527
36529
36556
36593
36594
36595
36607
36638
36648
36701
36705
36735
36754
36756
36762
36775
36776
36806
36809
36826
36843
36849
36850
36866
36868
36869
36889
36941
36945
36973
37044
37051
37058
37059
37067
37076
37079
37108
37112
37175
37191
37195
37198
37205
37221
37222
37223
37225
37227
37228
37232
37234
37247
37248
37285
37287
37294
37296
37305
37306
37315
37316
37321
37322
37323
37324
37326
37327
37331
37332
37337
37340
37357
37358
37361
37366
37368
37393
37396
37403
37422
37428
37429
37431
37432
37444
37447
37516
37533
37540
37546
37547
37548
37567
37568
37571
37572
37581
37602
37604
37613
37616
37629
37644
37646
37672
37674
37675
37677
37678
37691
37701
37702
37703
37713
37731
37740
37741
37742
37744
37745
37798
37839
37841
37842
37843
37844
37855
37869
37872
37873
37875
37888
37889
37908
37928
37931
37934
37938
37944
37947
37951
37961
37962
37965
38005
38009
38010
38017
38020
38039
38040
38044
38051
38062
38080
38081
38083
38122
38124
38125
38131
38132
38136
38151
38154
38170
38177
38178
38205
38207
38208
38225
38229
38231
38244
38261
38262
38263
38264
38270
38271
38273
38274
38286
38290
38315
38329
38333
38347
38348
38361
38363
38368
38380
38381
38382
38392
38401
38444
38467
38472
38482
38497
38522
38532
38533
38534
38535
38543
38545
38560
38587
38642
38644
38650
38652
38653
38657
38659
38671
38684
38688
38699
38701
38720
38729
38736
38737
38738
38758
38761
38763
38781
38783
38784
38797
38799
38802
38803
38804
38805
38811
38812
38814
38815
38828
38829
38834
38836
38837
38844
38861
38863
38873
38875
38888
38889
38890
38902
38904
38905
38906
38935
38937
38961
38963
38984
38985
38992
39007
39017
39030
39032
39034
39035
39036
39045
39046
39047
39051
39065
39066
39067
39086
39087
39102
39108
39129
39134
39136
39138
39140
39144
39145
39154
39155
39156
39157
39161
39162
39165
39175
39176
39184
39194
39196
39197
39200
39201
39204
39205
39216
39224
39230
39233
39237
39247
39249
39250
39251
39252
39257
39259
39260
39261
39270
39272
39273
39274
39276
39280
39282
39292
39293
39296
39298
39301
39302
39303
39306
39307
39308
39328
39329
39330
39338
39340
39353
39354
39355
39358
39359
39362
39363
39364
39369
39370
39371
39376
39377
39382
39383
39385
39388
39393
39399
39407
39408
39409
39410
39417
39420
39424
39425
39430
39431
39433
39446
39450
39510
39512
39519
39527
39529
39532
39536
39543
39545
39547
39548
39549
39550
39552
39584
39586
39589
39592
39621
39638
39639
39642
39646
39657
39658
39660
39662
39665
39671
39672
39700
39702
39704
39708
39710
39711
39712
39721
39722
39724
39725
39726
39727
39748
39752
39754
39772
39776
39783
39812
39816
39848
39849
39861
39862
39871
39881
39890
39891
39945
39947
39958
39960
39962
39981
39982
39991
39994
39995
40003
40008
40040
40041
40043
40054
40059
40063
40064
40066
40090
40092
40096
40106
40107
40109
40110
40111
40121
40123
40125
40141
40142
40153
40155
40164
40202
40213
40222
40240
40256
40257
40258
40271
40272
40299
40300
40304
40310
40312
40320
40322
40324
40329
40330
40334
40336
40341
40344
40346
40349
40350
40351
40352
40361
40362
40367
40371
40374
40380
40460
40461
40462
40512
40516
40517
40518
40519
40580
40584
40652
40668
40670
40673
40674
40675
40684
40686
40688
40689
40692
40694
40696
40697
40699
40700
40717
40723
40725
40728
40733
40743
40745
40746
40754
40755
40756
40759
40760
40793
40796
40798
40805
40813
40823
40831
40834
40845
40848
40862
40869
40886
40887
40888
40890
40898
40899
40900
40902
40903
40907
40908
40909
40910
40911
40915
40916
40927
40931
40942
40951
40954
40965
40966
40971
40978
40985
40986
40987
40992
40993
40994
41001
41002
41004
41013
41014
41020
41029
41030
41034
41040
41047
41059
41060
41061
41062
41070
41071
41072
41074
41075
41077
41087
41098
41113
41120
41130
41144
41146
41157
41167
41171
41172
41180
41181
41185
41186
41212
41217
41222
41224
41232
41233
41254
41256
41268
41273
41280
41287
41295
41299
41325
41327
41339
41350
41351
41353
41354
41355
41358
41359
41360
41362
41363
41369
41371
41372
41373
41374
41375
41384
41385
41393
41406
41416
41423
41430
41447
41448
41450
41451
41454
41461
41462
41465
41468
41470
41472
41474
41478
41480
41481
41484
41498
41502
41504
41506
41510
41516
41520
41539
41547
41548
41549
41551
41552
41556
41558
41583
41590
41594
41595
41598
41599
41600
41603
41604
41605
41607
41613
41614
41618
41623
41641
41643
41650
41664
41693
41694
41698
41708
41711
41729
41740
41757
41758
41765
41767
41771
41773
41778
41779
41780
41781
41782
41784
41788
41789
41792
41793
41797
41801
41804
41812
41820
41859
41870
41871
41873
41874
41877
41878
41880
41919
41922
41925
41972
41976
41981
41994
42001
42003
42037
42038
42040
42043
42051
42052
42053
42054
42060
42076
42078
42079
42080
42081
42088
42089
42090
42095
42099
42102
42103
42110
42111
42113
42117
42122
42124
42129
42140
42145
42148
42149
42160
42172
42174
42181
42188
42189
42190
42197
42199
42223
42248
42249
42252
42266
42272
42273
42277
42278
42302
42339
42341
42343
42345
42347
42360
42362
42363
42364
42365
42370
42385
42389
42399
42403
42404
42405
42406
42407
42409
42416
42417
42431
42448
42467
42468
42495
42502
42510
42528
42536
42539
42546
42548
42549
42564
42574
42575
42592
42593
42597
42599
42601
42602
42606
42619
42620
42626
42632
42636
42638
42639
42640
42647
42649
42650
42651
42653
42659
42661
42667
42668
42670
42678
42682
42688
42694
42695
42701
42711
42715
42716
42719
42720
42723
42725
42726
42733
42734
42736
42737
42738
42741
42743
42750
42760
42767
42770
42783
42786
42797
42800
42801
42805
42813
42815
42821
42826
42836
42841
42842
42850
42851
42856
42857
42858
42859
42860
42861
42862
42863
42865
42866
42868
42869
42871
42872
42890
42891
42892
42915
42916
42918
42924
42925
42926
42933
42938
42940
42949
42953
42954
42972
42974
42975
42980
42989
42991
42993
42994
43009
43016
43025
43041
43045
43048
43070
43079
43082
43084
43085
43087
43113
43122
43130
43133
43145
43167
43174
43179
43196
43242
43272
43281
43335
43337
43338
43347
43349
43359
43361
43362
43363
43364
43377
43383
43385
43386
43394
43395
43401
43402
43409
43418
43423
43428
43436
43440
43445
43449
43452
43454
43462
43464
43467
43477
43479
43486
43487
43496
43498
43502
43503
43504
43512
43513
43516
43517
43518
43519
43521
43523
43530
43531
43532
43533
43534
43556
43579
43580
43585
43588
43594
43599
43606
43638
43639
43641
43670
43672
43685
43689
43716
43722
43745
43747
43783
43797
43806
43807
43808
43854
43855
43880
43882
43884
43893
43907
43908
43948
43954
43958
43962
43963
43965
43971
43974
43980
44023
44063
44064
44079
44083
44084
44085
44151
44153
44162
44179
44191
44192
44193
44205
44241
44267
44281
44283
44285
44287
44290
44308
44310
44315
44317
44355
44406
44417
44418
44439
44440
44445
44446
44448
44449
44451
44454
44455
44463
44464
44473
44479
44492
44493
44498
44539
44540
44544
44555
44556
44572
44575
44589
44592
44615
44616
44619
44620
44623
44628
44631
44636
44637
44642
44643
44644
44647
44653
44656
44657
44669
44672
44687
44688
44705
44706
44707
44713
44717
44720
44722
44723
44740
44749
44781
44814
44816
44819
44824
44839
44840
44841
44858
44859
44860
44878
44880
44889
44891
44912
44913
44933
44949
44962
44966
44967
44970
44980
44981
44983
45006
45008
45010
45019
45022
45032
45057
45075
45080
45087
45097
45133
45138
45140
45141
45154
45155
45160
45162
45163
45164
45187
45188
45200
45201
45209
45211
45213
45218
45219
45226
45235
45237
45251
45254
45255
45271
45276
45280
45291
45294
45306
45319
45320
45325
45363
45365
45370
45372
45381
45382
45384
45391
45392
45394
45407
45409
45412
45417
45422
45424
45425
45426
45431
45432
45433
45434
45436
45443
45448
45457
45461
45474
45475
45476
45478
45483
45485
45488
45515
45516
45518
45519
45520
45521
45526
45527
45528
45531
45538
45558
45563
45573
45577
45580
45595
45604
45608
45609
45632
45636
45650
45652
45658
45662
45668
45669
45670
45672
45677
45679
45682
45684
45689
45704
45717
45729
45730
45749
45751
45758
45764
45766
45768
45769
45771
45772
45773
45775
45778
45803
45809
45815
45911
45924
45925
45926
45927
45937
45938
45940
45941
45976
45977
46009
46016
46017
46022
46041
46042
46045
46047
46107
46108
46109
46121
46134
46140
46151
46161
46163
46171
46172
46173
46174
46175
46177
46203
46212
46230
46237
46239
46262
46267
46268
46269
46288
46289
46300
46301
46304
46308
46328
46329
46340
46350
46365
46366
46367
46368
46369
46370
46371
46372
46375
46377
46378
46385
46389
46397
46407
46415
46418
46419
46421
46428
46432
46438
46447
46450
46451
46452
46456
46458
46461
46462
46467
46468
46475
46488
46491
46495
46499
46503
46549
46565
46570
46583
46602
46618
46626
46688
46689
46692
46694
46695
46696
46697
46700
46701
46702
46703
46718
46730
46743
46744
46745
46748
46752
46753
46754
46755
46773
46776
46777
46778
46779
46781
46799
46800
46806
46807
46817
46818
46820
46821
46842
46855
46857
46869
46870
46880
46892
46895
46902
46909
46912
46918
46958
46962
46967
47018
47034
47038
47061
47090
47099
47116
47117
47118
47119
47120
47121
47126
47129
47133
47137
47162
47163
47164
47169
47171
47172
47173
47176
47178
47179
47180
47181
47182
47184
47186
47187
47188
47190
47204
47218
47219
47223
47234
47236
47260
47267
47273
47283
47284
47294
47296
47301
47303
47306
47307
47330
47337
47355
47356
47372
47374
47375
47386
47412
47413
47414
47416
47418
47419
47422
47428
47429
47438
47439
47442
47451
47452
47453
47454
47457
47460
47463
47464
47476
47480
47489
47497
47501
47514
47523
47534
47551
47554
47559
47576
47577
47582
47585
47587
47604
47606
47611
47628
47630
47649
47660
47661
47669
47679
47680
47681
47694
47695
47697
47698
47715
47716
47717
47719
47721
47723
47726
47727
47728
47731
47736
47737
47741
47742
47744
47763
47765
47776
47781
47783
47784
47794
47797
47804
47834
47837
47878
47882
47884
47888
47893
47896
47910
47911
47913
47915
47926
47929
47994
47998
47999
48006
48015
48029
48032
48041
48042
48043
48059
48067
48068
48069
48072
48073
48074
48079
48080
48084
48085
48099
48102
48103
48106
48113
48114
48115
48116
48123
48124
48135
48142
48145
48151
48153
48162
48169
48171
48173
48192
48199
48200
48201
48208
48209
48224
48232
48242
48247
48248
48266
48277
48280
48323
48326
48354
48356
48359
48368
48381
48383
48386
48390
48429
48430
48439
48442
48443
48444
48445
48447
48451
48452
48453
48458
48459
48460
48467
48480
48482
48487
48489
48490
48491
48492
48503
48508
48511
48512
48521
48522
48523
48539
48547
48549
48550
48552
48560
48566
48575
48578
48579
48584
48592
48604
48614
48615
48625
48633
48639
48640
48641
48643
48644
48648
48653
48654
48660
48740
48741
48742
48743
48745
48750
48753
48785
48787
48790
48800
48812
48815
48827
48831
48839
48842
48851
48852
48856
48881
48894
48895
48897
48920
48921
48933
48941
48942
48943
48948
48960
48963
48965
48968
48996
49005
49009
49011
49015
49017
49018
49030
49038
49041
49044
49052
49055
49056
49071
49076
49079
49080
49085
49086
49087
49090
49107
49109
49131
49138
49158
49160
49164
49167
49182
49201
49216
49220
49223
49227
49233
49235
49242
49245
49249
49250
49252
49253
49254
49263
49265
49273
49304
49306
49308
49325
49330
49337
49338
49354
49357
49372
49375
49377
49384
49385
49395
49399
49400
49412
49442
49448
49451
49453
49464
49472
49479
49484
49489
49496
49498
49518
49521
49540
49544
49556
49557
49558
49559
49562
49563
49564
49565
49571
49572
49573
49574
49575
49583
49641
49644
49646
49649
49656
49658
49662
49667
49673
49675
49680
49681
49700
49706
49730
49731
49755
49763
49764
49765
49766
49770
49773
49774
49779
49782
49793
49794
49804
49805
49807
49808
49813
49814
49817
49818
49819
49821
49823
49824
49826
49827
49833
49835
49836
49837
49840
49842
49843
49844
49846
49847
49848
49850
49852
49860
49862
49865
49869
49874
49877
49878
49879
49881
49883
49886
49888
49890
49894
49896
49902
49906
49907
49908
49909
49911
49919
49930
49940
49947
49966
49975
49982
49987
49989
50012
50030
50031
50037
50045
50059
50072
50074
50075
50087
50109
50112
50117
50119
50122
50123
50131
50132
50138
50154
50156
50170
50173
50187
50218
50219
50220
50224
50225
50232
50233
50239
50240
50243
50245
50246
50253
50255
50261
50264
50265
50269
50270
50278
50285
50310
50313
50315
50321
50335
50336
50338
50339
50340
50341
50344
50346
50350
50352
50353
50367
50369
50371
50372
50375
50380
50382
50398
50399
50401
50414
50415
50424
50425
50427
50436
50440
50443
50444
50446
50448
50454
50455
50496
50512
50514
50544
50545
50566
50569
50570
50572
50574
50575
50580
50581
50586
50587
50601
50619
50627
50636
50653
50655
50656
50658
50659
50666
50678
50696
50699
50701
50703
50706
50722
50725
50733
50734
50736
50740
50741
50743
50750
50775
50791
50798
50799
50814
50819
50824
50826
50841
50842
50843
50846
50854
50860
50864
50873
50890
50892
50909
50910
50914
50915
50925
50926
50928
50929
50932
50933
50940
51010
51019
51020
51022
51023
51024
51026
51027
51031
51032
51044
51054
51062
51064
51072
51079
51081
51084
51097
51103
51108
51136
51140
51141
51142
51163
51168
51175
51186
51187
51196
51197
51212
51227
51228
51230
51238
51239
51241
51242
51243
51246
51255
51256
51258
51262
51273
51280
51286
51287
51288
51299
51301
51304
51305
51308
51312
51313
51314
51315
51320
51321
51324
51325
51326
51327
51328
51339
51384
51389
51400
51435
51438
51439
51441
51442
51444
51448
51451
51452
51473
51474
51477
51485
51495
51504
51512
51513
51514
51515
51516
51517
51521
51525
51527
51528
51538
51539
51541
51545
51547
51550
51552
51554
51555
51556
51557
51561
51563
51567
51570
51571
51577
51580
51589
51592
51593
51598
51600
51601
51607
51610
51618
51619
51623
51626
51629
51630
51632
51634
51636
51650
51651
51652
51654
51656
51658
51661
51662
51663
51666
51667
51679
51682
51683
51684
51685
51688
51689
51690
51691
51694
51696
51697
51703
51704
51707
51714
51715
51716
51722
51735
51736
51738
51741
51745
51746
51747
51748
51750
51756
51757
51760
51761
51770
51771
51772
51777
51788
51789
51790
51795
51798
51801
51804
51810
51812
51813
51815
51824
51826
51830
51832
51833
51837
51839
51842
51843
51844
51847
51848
51855
51858
51860
51861
51862
51864
51867
51868
51875
51877
51878
51879
51880
51881
51885
51886
51888
51889
51890
51893
51894
51895
51896
51898
51899
51905
51909
51911
51912
51918
51919
51924
51925
51926
51927
51928
51936
51938
51947
51954
51955
51966
51972
51973
51977
52006
52027
52029
52030
52035
52039
52044
52051
52052
52054
52065
52074
52075
52077
52079
52081
52082
52087
52095
52106
52108
52112
52113
52115
52116
52117
52122
52123
52130
52131
52135
52136
52137
52139
52142
52147
52152
52155
52159
52186
52187
52192
52193
52200
52202
52203
52205
52211
52212
52220
52221
52227
52229
52232
52233
52240
52241
52246
52250
52258
52259
52265
52269
52271
52272
52277
52278
52283
52289
52290
52291
52293
52294
52296
52297
52303
52308
52309
52312
52316
52317
52319
52321
52322
52323
52324
52334
52339
52346
52348
52350
52354
52355
52356
52358
52401
52407
52410
52412
52415
52420
52422
52426
52431
52432
52441
52445
52457
52462
52463
52467
52476
52477
52479
52488
52502
52508
52519
52525
52527
52528
52529
52543
52544
52546
52550
52570
52572
52573
52574
52575
52576
52577
52582
52584
52585
52603
52609
52611
52619
52624
52626
52628
52629
52632
52642
52651
52665
52666
52671
52673
52675
52676
52677
52690
52691
52693
52694
52701
52709
52717
52734
52737
52738
52741
52769
52774
52780
52803
52817
52818
52819
52825
52838
52876
52899
52903
52936
52945
52951
52952
52954
52955
52957
52963
52981
52982
52986
53004
53007
53016
53017
53018
53019
53037
53042
53043
53045
53055
53061
53066
53068
53070
53087
53092
53097
53102
53109
53110
53111
53121
53123
53132
53137
53138
53140
53142
53146
53148
53152
53153
53155
53161
53163
53165
53167
53199
53201
53202
53208
53221
53223
53225
53226
53231
53235
53238
53239
53242
53244
53248
53249
53250
53251
53253
53262
53263
53265
53271
53274
53275
53276
53279
53281
53282
53283
53284
53285
53294
53295
53301
53303
53305
53319
53322
53323
53324
53327
53328
53329
53334
53335
53336
53342
53353
53354
53355
53356
53360
53362
53365
53369
53373
53375
53377
53378
53380
53382
53388
53392
53394
53397
53402
53403
53420
53421
53425
53426
53437
53459
53485
53488
53499
53501
53509
53511
53512
53518
53519
53522
53525
53526
53527
53528
53530
53537
53566
53568
53578
53579
53580
53611
53626
53632
53668
53670
53699
53728
53734
53740
53763
53780
53783
53792
53821
53824
53847
53849
53880
53890
53902
53953
53965
53970
53974
53975
53976
53981
53990
53992
53996
54003
54004
54007
54018
54020
54021
54024
54025
54027
54036
54037
54043
54045
54049
54050
54052
54055
54057
54058
54059
54065
54074
54078
54080
54081
54082
54103
54105
54109
54118
54119
54120
54139
54141
54183
54184
54185
54191
54192
54200
54201
54203
54204
54208
54214
54218
54219
54220
54224
54225
54230
54232
54235
54236
54238
54242
54252
54253
54255
54260
54261
54262
54266
54275
54287
54288
54290
54296
54299
54301
54303
54305
54308
54315
54335
54370
54373
54375
54390
54391
54396
54402
54408
54410
54411
54423
54431
54432
54433
54445
54446
54450
54475
54479
54492
54496
54501
54512
54529
54541
54549
54553
54568
54582
54608
54619
54640
54648
54649
54650
54656
54657
54659
54665
54667
54680
54692
54693
54695
54696
54698
54700
54701
54706
54707
54712
54714
54721
54733
54735
54738
54739
54741
54742
54746
54751
54759
54760
54763
54768
54770
54792
54826
54861
54869
54876
54882
54884
54898
54911
54912
54926
54940
54942
54950
54952
54959
54961
54966
54967
54969
54995
54996
54998
55002
55004
55005
55013
55014
55019
55020
55032
55040
55071
55072
55073
55081
55082
55084
55085
55087
55098
55103
55106
55108
55110
55122
55124
55126
55127
55128
55129
55136
55139
55142
55146
55147
55148
55149
55156
55157
55161
55162
55169
55173
55177
55178
55197
55210
55218
55231
55233
55236
55238
55239
55260
55261
55262
55266
55268
55270
55276
55279
55281
55285
55293
55296
55305
55314
55319
55320
55324
55329
55332
55333
55340
55341
55346
55348
55352
55353
55358
55365
55366
55367
55392
55393
55398
55400
55404
55410
55411
55413
55414
55416
55428
55433
55435
55445
55459
55469
55470
55476
55479
55483
55497
55498
55501
55504
55505
55508
55510
55512
55515
55519
55520
55521
55530
55531
55541
55542
55549
55551
55556
55570
55577
55579
55589
55596
55601
55604
55605
55609
55610
55612
55613
55615
55622
55628
55636
55638
55641
55642
55655
55656
55657
55658
55659
55662
55663
55665
55669
55678
55679
55680
55709
55713
55716
55717
55735
55736
55737
55738
55739
55740
55743
55748
55752
55758
55759
55776
55782
55783
55786
55789
55791
55804
55807
55810
55811
55812
55813
55814
55821
55826
55831
55832
55842
55843
55846
55847
55856
55861
55868
55871
55873
55875
55877
55880
55881
55886
55887
55893
55897
55907
55908
55918
55920
55940
55942
55953
55954
55962
55969
55970
55972
55973
55974
55975
55976
55987
55997
56001
56008
56009
56010
56012
56016
56021
56029
56030
56033
56037
56060
56062
56065
56066
56068
56069
56071
56074
56077
56097
56102
56104
56108
56109
56111
56112
56113
56115
56117
56118
56119
56120
56135
56148
56160
56163
56166
56172
56173
56179
56182
56183
56196
56212
56225
56226
56230
56231
56235
56240
56249
56258
56259
56263
56267
56268
56269
56270
56272
56273
56274
56275
56276
56295
56296
56298
56301
56302
56309
56312
56318
56320
56322
56323
56346
56358
56360
56361
56366
56371
56372
56374
56381
56382
56383
56394
56400
56403
56408
56409
56410
56413
56417
56419
56426
56428
56430
56433
56434
56438
56439
56440
56444
56451
56454
56455
56457
56470
56475
56476
56477
56478
56483
56485
56500
56521
56531
56536
56537
56538
56546
56552
56560
56564
56566
56567
56568
56574
56575
56601
56603
56607
56660
56681
56685
56688
56689
56690
56691
56692
56694
56695
56703
56704
56705
56706
56707
56708
56710
56725
56736
56756
56769
56771
56794
56797
56817
56829
56849
56863
56866
56877
56878
56879
56881
56888
56917
56918
56921
56923
56931
56948
56949
56950
56954
56955
56956
56957
56962
56972
56979
56981
56988
56996
56997
57004
57005
57006
57008
57009
57015
57016
57022
57043
57047
57049
57062
57064
57067
57081
57090
57092
57093
57095
57103
57120
57121
57125
57126
57129
57132
57155
57157
57170
57191
57197
57199
57215
57218
57219
57221
57229
57231
57232
57235
57243
57244
57245
57248
57256
57266
57276
57277
57281
57282
57283
57284
57285
57287
57288
57291
57292
57297
57299
57302
57306
57345
57362
57371
57381
57382
57395
57396
57402
57406
57408
57411
57427
57429
57431
57440
57451
57454
57460
57474
57475
57479
57480
57482
57483
57494
57524
57529
57544
57587
57591
57592
57599
57636
57687
57690
57693
57696
57701
57706
57716
57723
57785
57811
57829
57845
57848
57854
57857
57858
57860
57887
57888
57894
57895
57898
57911
57920
57935
57937
57938
57991
57994
58000
58004
58008
58009
58010
58012
58020
58030
58032
58058
58061
58076
58088
58111
58112
58136
58176
58191
58194
58203
58213
58214
58237
58241
58244
58247
58249
58251
58269
58305
58308
58310
58323
58329
58331
58332
58343
58344
58346
58351
58352
58358
58369
58378
58379
58386
58392
58393
58398
58413
58417
58514
58548
58550
58572
58575
58589
58592
58597
58600
58610
58611
58613
58634
58647
58668
58671
58708
58731
58734
58742
58743
58745
58748
58782
58811
58813
58816
58821
58829
58831
58866
58891
58894
58904
58929
58931
58940
58963
58967
58998
58999
59005
59019
59034
59072
59074
59075
59078
59085
59107
59161
59162
59163
59182
59183
59192
59207
59241
59248
59253
59282
59318
59340
59352
59360
59364
59405
59412
59413
59440
59441
59444
59445
59446
59499
59504
59515
59517
59526
59545
59549
59553
59554
59558
59571
59599
59614
59616
59626
59627
59642
59644
59655
59664
59684
59738
59739
59748
59749
59785
59797
59799
59806
59826
59830
59853
59856
59864
59873
59897
59941
59967
59968
59983
60055
60057
60071
60098
60123
60124
60125
60126
60127
60146
60150
60189
60191
60200
60233
60239
60256
60264
60265
60268
60272
60273
60274
60276
60282
60283
60284
60296
60303
60317
60321
60332
60339
60342
60343
60354
60376
60409
60420
60422
60423
60432
60437
60438
60443
60448
60449
60453
60455
60458
60459
60470
60472
60479
60490
60503
60516
60534
60569
60571
60575
60588
60591
60600
60605
60608
60614
60618
60620
60622
60663
60674
60684
60686
60700
60701
60718
60719
60720
60721
60722
60723
60724
60730
60743
60773
60774
60797
60800
60808
60809
60814
60815
60817
60830
60834
60843
60844
60849
60858
60865
60867
60870
60874
60878
60879
60886
60893
60894
60896
60903
60905
60912
60914
60915
60916
60917
60920
60922
60925
60969
60987
60995
60996
61003
61014
61024
61025
61028
61033
61043
61047
61050
61051
61054
61058
61059
61060
61068
61069
61075
61079
61093
61094
61097
61098
61106
61107
61109
61127
61219
61281
61355
61368
61381
61403
61410
61411
61413
61448
61475
61478
61498
61501
61508
61519
61526
61529
61588
61595
61597
61617
61619
61648
61649
61650
61653
61702
61722
61724
61725
61726
61737
61841
61899
61916
61942
61957
61981
61982
62016
62018
62022
62028
62029
62046
62138
62139
62140
62177
62178
62179
62180
62212
62222
62247
62359
62421
62427
62432
62441
62449
62495
62498
62507
62509
62539
62562
62565
62572
62573
62580
62581
62591
62610
62621
62622
62624
62625
62626
62627
62685
62730
62732
62733
62745
62779
62807
62808
62833
62842
62843
62941
62994
62995
62997
63005
63010
63015
63031
63036
63060
63061
63066
63070
63105
63111
63130
63150
63162
63224
63225
63237
63242
63254
63281
63315
63317
63360
63378
63379
63380
63381
63382
63384
63392
63405
63445
63462
63488
63497
63503
63506
63508
63515
63532
63543
63544
63573
63584
63674
63686
63695
63766
63781
63851
63854
63859
63860
63864
63870
63876
63897
63924
63931
63956
63957
63959
64023
64024
64036
64041
64083
64085
64091
64101
64102
64106
64111
64125
64239
64258
64277
64314
64323
64325
64394
64396
64398
64410
64411
64418
64453
64470
64472
64487
64537
64572
64600
64602
64608
64621
64622
64623
64624
64625
64739
64800
64840
64842
64848
64849
64853
64854
64930
64934
64937
64953
64956
64957
65035
65062
65063
65099
65101
65108
65110
65112
65113
65133
65139
65193
65194
65202
65203
65206
65207
65245
65251
65252
65326
65327
65339
65394
65395
65396
65397
65448
65449
65450
65458
65459
65462
65463
65481
65482
65483
65502
65518
65519
65520
65567
65628
65635
65640
65651
65663
65664
65677
65707
65709
65732
65734
65797
65798
65799
65800
65803
65815
65817
65839
65873
65875
65878
65928
65945
65960
65972
65973
66024
66029
66030
66055
66154
66161
66166
66167
66173
66175
66189
66220
66229
66232
66259
66301
66303
66306
66308
66313
66327
66336
66353
66382
66423
66440
66441
66458
66491
66493
66502
66551
66564
66571
66575
66576
66577
66579
66580
66581
66587
66589
66591
66605
66606
66665
66666
66667
66670
66716
66743
66745
66746
66753
66962
66980
67075
67078
67138
67139
67164
67171
67173
67174
67195
67245
67251
67252
67253
67261
67285
67324
67325
67326
67328
67339
67342
67343
67344
67345
67346
67347
67411
67491
67492
67531
67545
67546
67547
67548
67577
67578
67581
67676
67677
67679
67680
67703
67705
67725
67726
67730
67753
67821
67822
67831
67846
67848
67875
67876
67877
67882
67887
67889
67904
67919
67920
67926
67929
67932
67934
67964
67968
67969
67970
67971
68001
68002
68003
68004
68005
68007
68025
68026
68051
68052
68063
68068
68076
68077
68078
68081
68092
68094
68096
68097
68106
68108
68135
68136
68139
68143
68144
68145
68149
68150
68152
68153
68155
68181
68232
68243
68244
68245
68246
68266
68267
68268
68270
68276
68278
68279
68281
68282
68287
68288
68290
68291
68378
68406
68453
68494
68497
68498
68505
68506
68510
68522
68525
68529
68539
68562
68565
68574
68576
68578
68620
68623
68624
68625
68626
68629
68630
68645
68646
68714
68762
68763
68764
68776
68777
68781
68804
68877
68881
68894
68898
68899
68903
68907
68909
68910
68911
68920
68922
68923
68972
68978
68982
68983
69004
69007
69025
69028
69029
69055
69059
69065
69131
69173
69176
69215
69216
69226
69230
69233
69237
69244
69250
69268
69271
69274
69277
69283
69306
69307
69348
69350
69355
69356
69358
69362
69368
69405
69431
69438
69441
69442
69446
69447
69449
69502
69505
69509
69543
69557
69559
69564
69565
69566
69576
69580
69583
69585
69586
69587
69620
69621
69623
69626
69629
69631
69633
69634
69647
69648
69649
69651
69653
69654
69655
69656
69659
69660
69661
69714
69716
69731
69737
69744
69763
69764
69767
69795
69800
69804
69814
69815
69819
69826
69827
69828
69830
69831
69833
69834
69838
69849
69850
69851
69863
69879
69881
69882
69883
69884
69902
69903
69925
69926
69933
69944
69945
69951
69954
69955
69956
69963
69964
69965
69969
69979
69980
69982
69986
69987
69990
70005
70006
70012
70013
70019
70021
70032
70066
70067
70089
70091
70092
70100
70106
70108
70111
70122
70123
70159
70178
70292
70313
70316
70319
70322
70359
70363
70366
70367
70368
70369
70370
70401
70406
70409
70410
70411
70419
70421
70455
70458
70464
70465
70466
70467
70479
70542
70634
70642
70738
70747
70758
70823
70825
70919
70929
71006
71035
71111
71129
71130
71134
71148
71151
71167
71168
71187
71207
71221
71249
71302
71303
71305
71321
71322
71345
71350
71357
71360
71361
71370
71371
71372
71401
71402
71404
71405
71413
71414
71415
71445
71446
71462
71464
71466
71467
71469
71475
71476
71490
71491
71501
71509
71516
71550
71555
71714
71728
71730
71780
71781
71791
71793
71817
71835
71861
71867
71890
71899
72015
72047
72053
72108
72152
72161
72165
72166
72173
72271
72274
72276
72294
72301
72302
72355
72357
72358
72359
72366
72368
72371
72423
72446
72447
72459
72511
72514
72515
72523
72531
72557
72626
72643
72662
72716
72717
72718
72722
72733
72738
72773
72790
72841
72982
72985
73002
73009
73018
73020
73028
73039
73040
73042
73063
73080
73088
73099
73109
73112
73132
73155
73192
73200
73206
73215
73238
73347
73362
73363
73364
73365
73388
73474
73479
73480
73571
73577
73618
73621
73622
73623
73634
73669
73672
73712
73756
73773
73793
73834
73920
73942
73943
74052
74060
74098
74101
74152
74153
74155
74156
74187
74195
74226
74227
74261
74291
74292
74296
74325
74331
74333
74337
74351
74359
74462
74468
74469
74472
74508
74511
74535
74536
74538
74550
74609
74611
74613
74615
74617
74620
74627
74671
74693
74696
74710
74713
74714
74716
74717
74718
74746
74771
74777
74779
74933
74964
74966
74977
74992
75012
75038
75073
75120
75122
75123
75135
75142
75154
75199
75205
75206
75223
75231
75233
75240
75268
75269
75320
75322
75323
75334
75335
75337
75341
75342
75358
75359
75360
75396
75397
75398
75399
75447
75458
75486
75503
75512
75514
75517
75518
75525
75529
75564
75569
75573
75583
75586
75588
75591
75592
75593
75604
75611
75620
75660
75661
75668
75669
75670
75671
75672
75680
75681
75696
75742
75785
75806
75900
75904
75905
75906
75912
75920
75921
75923
75964
75967
75969
75971
75973
75974
75975
75977
75981
75983
75984
75998
76003
76006
76009
76013
76019
76022
76051
76095
76096
76097
76098
76103
76104
76106
76113
76118
76125
76126
76127
76128
76137
76140
76154
76155
76173
76177
76193
76201
76255
76334
76341
76342
76344
76345
76376
76396
76408
76409
76410
76442
76443
76446
76451
76456
76457
76459
76463
76464
76500
76504
76528
76569
76570
76571
76619
76705
76706
76712
76713
76736
76759
76761
76772
76775
76777
76778
76780
76781
76789
76791
76864
76886
76920
76963
76989
76992
76993
76996
77009
77010
77082
77085
77086
77089
77118
77119
77126
77128
77134
77135
77148
77163
77164
77165
77168
77173
77177
77226
77245
77246
77248
77249
77251
77326
77353
77431
77440
77477
77499
77509
77516
77517
77538
77540
77542
77546
77602
77604
77610
77612
77635
77654
77656
77661
77676
77680
77686
77691
77730
77791
77808
77814
77818
77828
77890
77901
77948
77953
77958
77959
77960
77963
77974
77999
78003
78016
78024
78025
78028
78029
78030
78046
78048
78049
78054
78058
78065
78072
78075
78078
78088
78091
78097
78098
78099
78100
78101
78102
78103
78107
78240
78241
78242
78243
78245
78246
78247
78248
78250
78252
78253
78254
78257
78260
78262
78268
78269
78271
78272
78273
78275
78280
78285
78287
78289
78290
78291
78298
78299
78300
78304
78305
78307
78308
78311
78312
78315
78316
78318
78322
78328
78346
78347
78348
78399
78400
78401
78402
78403
78404
78405
78411
78415
78416
78417
78419
78420
78421
78431
78432
78433
78434
78436
78439
78441
78442
78444
78445
78446
78447
78448
78450
78454
78455
78457
78458
78459
78461
78463
78466
78469
78473
78474
78476
78477
78478
78479
78480
78481
78482
78483
78485
78487
78488
78493
78495
78496
78499
78502
78503
78525
78603
78613
78617
78631
78636
78637
78641
78642
78645
78657
78660
78661
78662
78663
78664
78665
78669
78677
78682
78683
78685
78686
78687
78689
78691
78692
78732
78733
78734
78735
78741
78745
78773
78774
78791
78803
78840
78842
78916
78926
78968
78969
78999
79022
79023
79097
79098
79132
79144
79147
79173
79177
79187
79199
79260
79262
79276
79356
79363
79364
79366
79367
79372
79407
79495
79541
79613
79645
79658
79694
79695
79698
79708
79721
79730
79878
79944
79945
79946
80010
80018
80078
80087
80089
80090
80096
80102
80110
80154
80174
80175
80177
80190
80194
80204
80226
80255
80316
80356
80464
80510
80543
80544
80585
80589
80624
80665
80674
80675
80685
80719
80765
80794
80799
80816
80824
80826
80868
80882
80888
80892
80894
80920
80921
80924
80925
80963
80987
81039
81109
81127
81164
81177
81243
81246
81260
81280
81284
81288
81290
81296
81311
81326
81328
81330
81331
81332
81441
81442
81487
81490
81492
81493
81516
81524
81572
81574
81750
81783
81819
81852
81881
81882
81889
81890
82016
82042
82104
82123
82184
82218
82223
82225
82237
82259
82260
82276
82277
82300
82312
82329
82345
82388
82400
82402
82403
82411
82466
82551
82579
82580
82581
82612
82655
82724
82766
82790
82819
82821
82837
82838
82857
82863
82869
82883
82884
82887
82888
82889
82891
82903
82904
82905
82982
82983
82984
82985
83012
83046
83084
83104
83105
83110
83111
83112
83136
83142
83169
83190
83277
83290
83424
83440
83447
83469
83470
83483
83494
83500
83501
83524
83525
83526
83768
83771
83777
83891
83993
83995
84108
84128
84141
84142
84143
84157
84162
84223
84286
84287
84296
84328
84344
84345
84353
84355
84373
84407
84428
84429
84430
84490
84517
84555
84557
84572
84573
84592
84597
84616
84624
84659
84668
84749
84756
84790
84791
84823
84827
84857
84867
84891
84893
84894
84905
84908
84919
84920
84921
84924
84972
84973
85053
85078
85080
85083
85084
85132
85149
85175
85249
85253
85255
85286
85297
85299
85333
85335
85344
85467
85487
85488
85489
85492
85513
85519
85522
85523
85534
85540
85583
85592
85628
85631
85656
85668
85684
85705
85709
85710
85723
85745
85749
85781
85782
85819
85821
85826
85886
85887
85888
85897
85930
85934
85939
85940
85943
85944
85959
85961
85965
85971
85980
85981
85983
86021
86050
86065
86077
86079
86130
86131
86149
86156
86160
86162
86172
86184
86220
86235
86236
86282
86283
86396
86440
86476
86492
86494
86524
86526
86527
86546
86547
86574
86576
86577
86580
86590
86601
86605
86607
86642
86643
86644
86646
86647
86649
86651
86655
86656
86661
86663
86664
86723
86737
86739
86740
86751
86753
86754
86770
86771
86772
86777
86778
86780
86791
86793
86810
86813
86815
86830
86831
86832
86833
86834
86835
86844
86866
86879
86884
86895
86896
86936
86956
86957
86959
86962
86965
86978
86982
86984
86985
86986
86987
86991
87001
87002
87016
87017
87053
87057
87077
87133
87143
87144
87164
87166
87174
87175
87176
87177
87178
87183
87185
87186
87216
87251
87252
87255
87257
87259
87260
87262
87263
87264
87271
87272
87273
87278
87284
87286
87289
87292
87295
87296
87297
87300
87307
87323
87329
87330
87331
87335
87397
87398
87404
87406
87407
87408
87415
87439
87445
87457
87458
87459
87466
87468
87469
87470
87477
87478
87504
87516
87517
87519
87520
87521
87525
87526
87556
87563
87575
87579
87580
87581
87609
87618
87623
87626
87646
87647
87650
87665
87666
87692
87723
87735
87737
88081
88082
88085
88227
88229
88566
88877
88878
88879
89375
89376
90116
90117
90953
91242
92648
93154
94035
94036
94049
94050
94768
94769
94771
96453
96492
100051
101294
101989
103387
104232
107685
108201
108209
108933
108935
108936
109804
110791
111575
112436
112437
112455
114532
115177
125621
125622
131181
137022
137023
138649
138650
139354
139355
147973
151254
151256
151257
151694
151695
151696
152091
152092
152298
152383
152430
152444
152465
152466
152467
152479
152480
152481
152493
152495
152496
152501
152502
152513
152542
152601
152711
152818
152819
152820
152853
152855
152894
152897
152920
152949
152960
153082
153083
153115
153131
153132
153265
153266
153338
153385
153423
153436
153441
153443
153582
153584
153600
153601
153680
153696
153724
153725
153766
153767
153893
153979
153980
154015
154016
154070
154115
154116
154188
154189
154214
154215
154233
154236
154269
154270
154271
154279
154347
154500
154524
154529
154718
154752
154764
154800
154801
154818
154822
154825
155049
155304
155305
155306
155595
155613
155692
155754
155784
155862
156149
156151
156227
156339
156459
156478
156479
156480
156488
156521
156537
156539
156541
156581
156716
156743
156778
156903
156904
157300
157377
157398
157433
157435
157437
157665
157779
157781
157782
157784
157785
157786
157803
157804
157935
157936
157937
158088
158089
158098
158099
158100
158178
158182
158200
158492
158898
158900
158964
158968
158969
158970
158998
159000
159002
159003
159342
160090
160276
160279
160280
160281
160282
160285
160286
160287
160351
160675
160795
160796
160797
160798
160800
160801
161028
161029
161030
161220
161221
161313
161399
161401
161632
161679
161681
161703
161704
161707
161711
161713
161757
162040
162306
162308
162523
162562
162563
162668
162729
162730
162774
162793
162794
162899
162902
162906
162933
163036
163150
163206
163292
163352
164055
164088
164090
164637
164655
164656
164692
165235
165334
165654
165655
166045
166052
166053
166054
166120
166122
166197
166199
166208
166214
166217
166231
166232
166238
166241
166262
166285
166291
166360
166727
166949
166951
167046
167476
167539
168138
168139
168140
168237
168238
169168
169169
169170
170116
170470
170471
170956
171857
171861
171969
173018
173020
173620
173621
174127
174605
174606
174607
175206
175207
175210
175211
175212
175398
175870
175969
176042
176043
176046
176049
176050
176975
176980
177470
177471
177509
177525
177529
178146
178147
178207
178208
178210
178230
178232
178278
178280
178281
178282
178358
178445
178446
178751
178762
179101
179107
180434
180437
180445
180856
180857
180953
180954
180956
180960
180962
181292
181293
182020
182053
182188
182328
182374
182379
182382
182389
182390
182394
182404
182406
182418
182541
182543
182544
182557
182656
182919
183157
183160
183161
183187
183413
183414
183416
183418
197715
197717
197719
197784
198234
198236
198476
198964
198968
199395
199396
199400
199403
199437
199439
199447
199448
199449
199450
199454
199455
199456
199457
199458
199460
199461
199463
199484
199485
199500
199502
199524
199527
199532
199537
199541
199609
199610
199712
199719
199727
199734
199737
199738
199761
199829
199896
199900
199926
199934
199935
199944
199963
199977
199980
199990
199993
199994
199996
200013
200174
200184
200190
200202
200238
200241
200270
200273
200279
200280
200282
200294
200295
200301
200306
200318
200319
200320
200321
200326
200327
200341
200362
200369
200448
200466
200473
200477
200478
200479
200507
200517
200528
200542
200543
200550
200553
200570
200573
200575
200576
200584
200588
200590
200595
202384
202909
202935
202936
203358
203806
204196
204228
205063
205064
205067
205098
205102
205103
205201
205204
205206
206031
206237
206298
206301
206306
206378
206379
206422
206440
206441
206444
206470
206471
206486
206939
206942
207038
207040
207060
207062
207080
207183
207209
207217
207226
207229
207275
207276
207289
207290
207304
207388
207395
207396
207402
207403
207413
207437
207440
207449
207466
207495
207623
207624
207710
207712
207725
207746
207748
207752
207758
207764
207770
207793
208467
208708
208735
208819
208857
208879
208880
210343
210366
210524
210527
210547
210570
210609
210610
210611
210620
210624
210628
210710
210716
210724
210726
210729
210731
210782
211096
211097
211107
211108
211116
211117
211347
211350
211478
211481
211482
211544
211546
211549
211551
211552
211553
211556
211557
211560
211562
211564
211567
211571
211662
211764
212303
212336
212341
212559
212563
212574
212767
212773
212842
213025
213055
213083
213086
213225
213236
213240
213269
213276
213315
213342
213363
213597
214713
214714
217550
218636
218637
219521
219522
221169
221171
221498
221499
221501
221608
221610
224182
224185
224189
224194
224196
224199
224204
224208
224211
224212
224213
224215
224221
224231
224234
224235
224237
224238
224239
224244
224252
224253
226137
226154
231104
233972
237209
237213
237229
237239
237319
237324
237325
237330
237331
237354
237369
237378
237381
237985
238062
238257
238260
238264
238265
238283
238284
238289
238437
238448
238450
238451
238452
238491
238502
238541
238543
238544
238550
238559
238562
238583
238586
238589
238596
238597
238599
238600
238605
238614
238615
238617
238637
238662
238664
238677
238691
238698
238706
238710
238715
238724
238730
238761
238764
238773
238795
238811
238813
238816
238824
238827
238830
238840
238841
238843
238857
238866
238867
238868
238872
238873
238892
238896
238903
238904
238909
238916
238917
238928
238936
238951
238956
238966
239009
239015
239016
239030
239037
239038
239051
239087
239088
239089
239090
239092
239102
239129
239147
239182
239189
239192
239200
239228
239318
239350
239351
239371
239372
239380
239387
239405
239407
239410
239440
239445
239446
239457
239460
239461
239605
239656
239668
240012
240013
245029
245045
251988
251989
251990
252152
252838
252869
252873
252876
256404
256406
259069
259990
261814
262756
265020
267807
268463
269392
269394
269396
269550
270463
270912
272682
272683
272689
275755
276439
276466
277634
278302
282865
282866
282923
284537
284541
286271
286274
286277
288201
290378
290390
291342
291819
292238
295033
306089
306090
306225
306359
306657
306722
306765
306767
306770
306772
306774
306809
306872
306876
306916
306959
306962
306994
307444
307560
307563
307742
308374
308538
308542
308547
308835
308851
308855
308965
308991
309045
309237
309409
309623
309630
309695
309696
309697
309699
309962
309964
309969
309973
310064
310068
310123
310124
310126
310127
310203
310208
310512
310586
310591
310820
310902
310945
310947
310953
311019
311112
311543
311544
311545
311910
312215
312294
312334
312342
312344
312387
312398
312402
313437
313438
